000: 3 12 3 63 3 39  low: 3
001: 22 3 3 40 25 41  low: 3
002: 3 47 46 3 39 17  low: 3
003: 3 76 3 3 12 51  low: 3
004: 3 32 3 3 52 33  low: 3
005: 3 35 4 34 3 26  low: 3
006: 3 3 25 16 3 81  low: 3
007: 25 3 21 30 46 30  low: 3
008: 57 19 21 3 23 35  low: 3
009: 3 42 35 18 37 3  low: 3
010: 3 32 16 24 3 37  low: 3
011: 43 17 3 41 3 32  low: 3
012: 3 46 3 47 3 81  low: 3
013: 3 34 3 85 3 29  low: 3
014: 3 45 3 23 48 31  low: 3
015: 3 8 58 3 3 26  low: 3
000: 3 12 3 63 3 39  low: 3
001: 22 3 3 40 25 41  low: 3
002: 3 47 46 3 39 17  low: 3
003: 3 76 3 3 12 51  low: 3
004: 3 32 3 3 52 33  low: 3
005: 3 35 4 34 3 26  low: 3
006: 3 3 25 16 3 81  low: 3
007: 25 3 21 30 46 30  low: 3
008: 57 19 21 3 23 35  low: 3
009: 3 42 35 18 37 3  low: 3
010: 3 32 16 24 3 37  low: 3
011: 43 17 3 41 3 32  low: 3
012: 3 46 3 47 3 81  low: 3
013: 3 34 3 85 3 29  low: 3
014: 3 45 3 23 48 31  low: 3
015: 3 8 58 3 3 26  low: 3
014: 3 61 44 36 55 17  low: 3
015: 43 3 43 41 43 3  low: 3
016: 3 81 3 65 21 38  low: 3
017: 3 16 3 4 43 3  low: 3
018: 3 21 67 3 36 3  low: 3
019: 3 27 18 45 42 19  low: 3
020: 33 3 34 43 3 59  low: 3
021: 60 5 31 26 37 47  low: 5
022: 25 3 3 35 3 54  low: 3
023: 48 3 3 31 50 3  low: 3
024: 3 80 33 3 25 18  low: 3
025: 3 3 103 3 25 22  low: 3
026: 3 67 23 3 4 39  low: 3
027: 3 36 33 3 21 3  low: 3
028: 3 3 46 57 39 63  low: 3
029: 3 3 26 52 33 3  low: 3
029: 4 27 22 3 3 48  low: 3
030: 3 4 42 31 3 95  low: 3
031: 3 11 3 5 18 80  low: 3
032: 131 3 71 3 3 19  low: 3
033: 45 3 33 58 3 67  low: 3
034: 3 86 3 13 53 58  low: 3
035: 3 106 3 27 98 23  low: 3
036: 3 11 3 25 23 29  low: 3
037: 3 31 3 3 3 42  low: 3
038: 3 51 3 25 41 3  low: 3
039: 3 26 37 57 40 62  low: 3
040: 3 90 3 3 22 88  low: 3
041: 3 120 3 37 3 47  low: 3
042: 3 13 3 24 24 82  low: 3
043: 31 4 6 24 49 3  low: 3
044: 3 71 3 41 3 77  low: 3
045: 35 4 39 3 41 73  low: 3
046: 3 19 72 3 76 3  low: 3
047: 3 29 3 36 67 17  low: 3
048: 3 64 3 28 27 21  low: 3
049: 3 30 3 106 50 3  low: 3
050: 3 3 34 26 78 94  low: 3
051: 3 3 79 3 56 17  low: 3
052: 3 39 3 75 3 3  low: 3
053: 3 20 3 53 75 114  low: 3
054: 4 83 4 33 3 66  low: 3
055: 3 63 4 14 3 91  low: 3
056: 3 3 39 3 3 29  low: 3
057: 3 70 3 35 190 5  low: 3
058: 3 75 3 61 73 100  low: 3
059: 3 30 30 62 36 5  low: 3
060: 43 19 3 4 28 61  low: 3
061: 3 61 3 41 3 23  low: 3
062: 50 3 25 3 49 37  low: 3
063: 3 156 3 3 5 121  low: 3
064: 3 75 3 55 68 29  low: 3
065: 3 3 33 3 66 21  low: 3
066: 37 3 3 3 49 47  low: 3
067: 3 3 64 70 3 7  low: 3
068: 3 17 76 17 13 3  low: 3
069: 3 49 28 4 54 125  low: 3
070: 3 50 15 46 117 37  low: 3
071: 3 102 51 54 3 32  low: 3
072: 3 3 45 61 13 29  low: 3
073: 11 3 19 3 67 53  low: 3
074: 46 52 9 3 36 39  low: 3
075: 3 29 55 32 3 43  low: 3
076: 41 3 35 47 10 96  low: 3
077: 52 26 23 3 5 35  low: 3
078: 5 34 9 3 47 4  low: 3
079: 92 3 3 51 3 32  low: 3
080: 3 74 3 49 3 19  low: 3
081: 3 58 4 24 3 19  low: 3
082: 3 42 3 27 22 41  low: 3
083: 3 12 3 49 23 42  low: 3
084: 3 5 30 3 36 60  low: 3
085: 3 16 42 3 40 109  low: 3
086: 3 51 5 29 41 3  low: 3
087: 3 57 35 3 3 21  low: 3
088: 3 24 52 11 38 3  low: 3
089: 3 51 3 65 17 46  low: 3
090: 3 3 128 4 103 65  low: 3
091: 3 3 19 74 24 9  low: 3
092: 31 32 3 3 3 33  low: 3
093: 3 7 3 4 70 3  low: 3
094: 3 11 8 11 139 11  low: 3
095: 6 12 3 3 41 34  low: 3
096: 76 4 70 82 39 27  low: 4
097: 3 42 3 40 49 48  low: 3
098: 3 29 3 27 3 62  low: 3
099: 3 3 93 3 115 18  low: 3
100: 3 33 109 29 3 40  low: 3
101: 3 26 11 3 3 42  low: 3
102: 3 44 3 4 61 26  low: 3
103: 3 42 3 177 31 30  low: 3
104: 3 37 4 33 25 38  low: 3
105: 3 5 48 3 43 14  low: 3
106: 3 3 51 7 36 88  low: 3
107: 3 3 3 31 44 33  low: 3
108: 15 3 9 3 47 62  low: 3
109: 46 33 52 3 3 66  low: 3
110: 3 75 57 3 111 18  low: 3
111: 12 3 13 3 3 3  low: 3
112: 3 13 5 3 19 3  low: 3
113: 41 83 43 90 62 27  low: 27
114: 20 3 63 105 3 37  low: 3
115: 3 3 31 3 17 116  low: 3
116: 8 3 102 45 3 105  low: 3
117: 3 3 54 5 65 49  low: 3
118: 3 54 3 16 3 28  low: 3
119: 3 31 3 13 3 62  low: 3
120: 3 33 3 3 40 6  low: 3
121: 3 3 155 64 3 3  low: 3
122: 22 57 41 73 3 114  low: 3
123: 3 52 3 71 54 36  low: 3
124: 23 3 46 3 81 34  low: 3
125: 3 66 3 57 140 37  low: 3
126: 3 3 38 3 54 3  low: 3
127: 31 55 31 28 3 100  low: 3
128: 3 6 3 43 79 108  low: 3
129: 37 21 33 44 13 57  low: 13
130: 3 88 36 40 161 3  low: 3
131: 3 3 61 11 3 3  low: 3
132: 3 22 3 72 57 3  low: 3
133: 3 38 3 3 107 46  low: 3
134: 3 17 3 3 104 4  low: 3
135: 3 40 28 55 3 55  low: 3
136: 3 51 4 16 4 55  low: 3
137: 3 5 48 3 141 36  low: 3
138: 3 3 41 42 3 81  low: 3
139: 3 9 11 4 129 39  low: 3
140: 3 81 3 15 68 3  low: 3
141: 87 4 10 3 56 78  low: 3
142: 3 34 3 87 3 31  low: 3
143: 3 63 3 81 41 34  low: 3
144: 3 26 3 3 17 42  low: 3
145: 3 13 4 3 59 3  low: 3
146: 45 37 3 5 46 65  low: 3
147: 3 3 22 83 63 126  low: 3
148: 3 121 3 3 3 4  low: 3
149: 12 47 32 124 60 3  low: 3
150: 3 55 3 21 28 38  low: 3
151: 22 150 61 3 31 56  low: 3
152: 22 6 22 4 43 89  low: 4
153: 3 46 3 85 27 3  low: 3
154: 15 3 128 3 67 20  low: 3
155: 3 99 3 3 48 42  low: 3
156: 3 61 67 3 62 41  low: 3
157: 3 94 3 52 29 3  low: 3
158: 3 18 77 83 22 63  low: 3
159: 34 3 90 33 36 3  low: 3
160: 3 13 3 36 3 39  low: 3
161: 24 19 3 107 75 19  low: 3
162: 56 3 26 3 68 33  low: 3
163: 3 68 3 41 26 15  low: 3
164: 3 82 155 75 59 29  low: 3
165: 3 3 35 12 3 82  low: 3
166: 3 5 50 61 104 32  low: 3
167: 39 143 11 67 3 28  low: 3
168: 6 43 101 115 3 66  low: 3
169: 19 221 3 26 3 58  low: 3
170: 3 64 131 14 16 41  low: 3
171: 3 3 122 53 19 57  low: 3
172: 24 3 35 3 55 57  low: 3
173: 4 57 5 3 43 75  low: 3
174: 3 141 48 68 41 28  low: 3
175: 7 31 3 3 90 3  low: 3
176: 81 11 3 30 14 125  low: 3
177: 3 4 20 52 3 27  low: 3
178: 3 30 103 14 68 3  low: 3
179: 3 39 3 80 24 4  low: 3
180: 3 3 61 110 36 66  low: 3
181: 47 13 75 26 69 33  low: 13
182: 83 4 71 49 98 44  low: 4
183: 3 59 3 95 12 152  low: 3
184: 28 28065 3 3 62 3  low: 3
185: 3 41 3 58 28 3  low: 3
186: 3 3 57 3 25 33  low: 3
187: 3 3 58 23 15 43  low: 3
188: 3 22 3 83 3 3  low: 3
189: 3 39 3 3 171 52  low: 3
190: 3 20 13 3 37 18  low: 3
191: 3 9 3 40 3 31  low: 3
192: 3 27 3 3 4 52  low: 3
193: 106 3 3 11 3 137  low: 3
194: 3 3 19 3 71 54  low: 3
195: 3 84 3 3 50 20  low: 3
196: 4 35 4 53 3 3  low: 3
197: 3 30 3 44 3 89  low: 3
198: 3 60 86 3 57 34  low: 3
199: 3 56 24 71 31 3  low: 3
200: 36 1 83 61 3 69  low: 1
201: 3 51 40 3 3 77  low: 3
202: 3 3 32 60 43 43  low: 3
203: 37 3 16 3 90 11  low: 3
204: 90 3 3 9 182 44  low: 3
205: 3 84 93 3 5 38  low: 3
206: 45 3 82 3 3 23  low: 3
207: 3 11 3 19 32 3  low: 3
208: 3 42 41 3 4 29  low: 3
209: 4 160 16 35 3 3  low: 3
210: 79 13 57 3 3 31  low: 3
211: 3 24 48 22 3 3  low: 3
212: 3 37 3 36 113 3  low: 3
213: 3 46 3 33 35 76  low: 3
214: 12 3 65 3 3 29  low: 3
215: 3 19 3 38 3 84  low: 3
216: 61 28 38 13 3 35  low: 3
217: 3 3 36 13 75 4  low: 3
218: 4 41 120 3 41 92  low: 3
219: 3 13 3 3 73 3  low: 3
220: 3 17 3 3 27 3  low: 3
221: 3 17 12 3 3 32  low: 3
222: 3 44 3 97 66 143  low: 3
223: 3 47 57 3 3 48  low: 3
224: 67 78 3 63 3 3  low: 3
225: 95 3 3 21 53 49  low: 3
226: 3 64 3 19 3 64  low: 3
227: 3 39 35 43 76 3  low: 3
228: 3 12 3 3 101 47  low: 3
229: 65 3 78 3 61 32  low: 3
230: 106 3 3 34 70 63  low: 3
231: 3 3 52 11 117 12  low: 3
232: 27 37 47 32 3 76  low: 3
233: 4 15 30 5 19 112  low: 4
234: 3 60 85 49 18 26  low: 3
235: 107 47 3 49 43 101  low: 3
236: 69 58 3 16 4 44  low: 3
237: 3 43 3 52 3 68  low: 3
238: 4 3 19 3 3 3  low: 3
239: 38 3 42 100 95 98  low: 3
240: 3 3 43 31 103 34  low: 3
241: 40 58 3 17 15 84  low: 3
242: 29 3 89 103 39 44  low: 3
243: 3 103 3 16 19 24  low: 3
244: 69 29 3 18 58 57  low: 3
245: 3 29 38 3 3 39  low: 3
246: 3 50 32 57 40 3  low: 3
247: 3 18 3 3 3 15  low: 3
248: 3 29 4 5 45 37  low: 3
249: 88 3 3 39 3 53  low: 3
250: 28 125 58 120 97 3  low: 3
251: 3 43 31 44 3 42  low: 3
252: 47 3 60 31 119 53  low: 3
253: 3 231 3 34 3 72  low: 3
254: 3 3 27 35 79 3  low: 3
255: 3 36 97 36 51 42  low: 3
256: 3 107 23 18 13 55  low: 3
257: 17 3 3 16 3 61  low: 3
258: 3 26 3 37 31 19  low: 3
259: 3 17 36 22 75 66  low: 3
260: 3 17 44 34 50 42  low: 3
261: 56 34 3 3 60 82  low: 3
262: 3 16 23 147 3 26  low: 3
263: 20 4 56 71 3 37  low: 3
264: 4 21 3 23 3 83  low: 3
265: 67 3 73 19 65 50  low: 3
266: 3 3 30 55 11 4  low: 3
267: 3 40 37 65 49 3  low: 3
268: 71 3 8 80 27 33  low: 3
269: 3 30 7 4 36 3  low: 3
270: 74 3 4 28011 20 54  low: 3
271: 3 3 20 38 3 3  low: 3
272: 30 23 38 111 7 3  low: 3
273: 8 122 3 5 33 129  low: 3
274: 3 3 170 3 67 39  low: 3
275: 3 35 45 51 66 11  low: 3
276: 3 40 3 38 22 40  low: 3
277: 3 45 3 3 137 83  low: 3
278: 3 11 78 3 66 37  low: 3
279: 3 3 37 3 48 54  low: 3
280: 84 3 79 3 16 36  low: 3
281: 3 70 3 3 13 37  low: 3
282: 3 3 60 52 25 42  low: 3
283: 53 3 84 85 16 3  low: 3
284: 8 48 3 39 40 34  low: 3
285: 4 39 3 36 3 115  low: 3
286: 3 25 3 62 58 3  low: 3
287: 3 42 23 40 4 50  low: 3
288: 32 3 78 3 4 18  low: 3
289: 3 3 84 3 80 29  low: 3
290: 64 40 3 32 4 95  low: 3
291: 3 3 77 3 15 224  low: 3
292: 3 4 48 3 3 21  low: 3
293: 3 4 125 3 3 33  low: 3
294: 3 108 25 45 47 72  low: 3
295: 3 88 35 30 42 54  low: 3
296: 5 69 3 60 72 44  low: 3
297: 3 47 3 39 3 48  low: 3
298: 4 94 3 3 137 22  low: 3
299: 49 3 57 3 50 57  low: 3
300: 3 15 44 47 3 24  low: 3
301: 110 63 3 3 40 3  low: 3
302: 3 35 20 3 28 21  low: 3
303: 3 28 3 29 21 66  low: 3
304: 3 47 28 4 158 6  low: 3
305: 3 69 29 3 15 70  low: 3
306: 3 214 5 28 35 39  low: 3
307: 69 10 3 3 3 7  low: 3
308: 91 3 51 77 163 3  low: 3
309: 86 3 3 60 3 42  low: 3
310: 3 3 38 3 109 131  low: 3
311: 116 3 30 67 56 3  low: 3
312: 3 66 3 35 31 163  low: 3
313: 3 113 3 47 161 27  low: 3
314: 4 34 3 47 3 56  low: 3
315: 3 157 3 4 26 75  low: 3
316: 3 3 3 31 4 72  low: 3
317: 3 3 32 4 92 39  low: 3
318: 36 78 3 3 46 3  low: 3
319: 3 17 38 83 30 3  low: 3
320: 126 3 100 54 3 112  low: 3
321: 3 3 40 3 62 38  low: 3
322: 3 3 147 23 36 137  low: 3
323: 4 59 3 51 84 53  low: 3
324: 87 3 50 25 14 116  low: 3
325: 3 94 14 41 15 73  low: 3
326: 88 3 9 3 9 75  low: 3
327: 3 3 105 122 3 10  low: 3
328: 4 54 96 71 3 129  low: 3
329: 3 3 3 117 28 71  low: 3
330: 3 3 148 150 26 3  low: 3
331: 3 68 3 74 3 81  low: 3
332: 3 3 20 3 3 83  low: 3
333: 3 153 3 86 61 3  low: 3
334: 3 105 23 102 31 11  low: 3
335: 3 58 39 45 67 94  low: 3
336: 27 3 16 3 3 52  low: 3
337: 85 3 59 88 3 88  low: 3
338: 27 55 62 9 32 174  low: 9
339: 3 112 99 125 30 3  low: 3
340: 3 8 8 3 5 59  low: 3
341: 3 3 62 24 3 117  low: 3
342: 24 3 3 3 21 53  low: 3
343: 3 57 3 25 11 46  low: 3
344: 3 10 19 20 71 36  low: 3
345: 28 3 176 27876 23 3  low: 3
346: 3 74 3 5 28 96  low: 3
347: 3 3 25 14 3 128  low: 3
348: 26 3 35 24 187 26  low: 3
349: 114 3 34 3 70 3  low: 3
350: 3 3 41 52 3 3  low: 3
351: 3 3 91 3 65 58  low: 3
352: 3 186 5 3 219 3  low: 3
353: 3 99 51 3 3 3  low: 3
354: 33 3 11 10 3 3  low: 3
355: 3 50 3 4 77 96  low: 3
356: 3 101 3 3 49 122  low: 3
357: 9 115 3 64 95 129  low: 3
358: 3 25 8 85 19 9  low: 3
359: 3 31 13 3 56 4  low: 3
360: 3 3 5 56 10 88  low: 3
361: 3 21 103 3 3 78  low: 3
362: 3 40 3 29 93 173  low: 3
363: 3 150 88 108 28 3  low: 3
364: 5 70 79 46 51 230  low: 5
365: 3 131 3 19 40 3  low: 3
366: 3 3 61 40 3 3  low: 3
367: 3 3 23 3 3 85  low: 3
368: 3 42 3 121 3 90  low: 3
369: 40 53 3 111 5 89  low: 3
370: 59 3 10 3 49 80  low: 3
371: 4 45 3 105 3 10  low: 3
372: 17 13 3 49 173 19  low: 3
373: 3 15 16 48 3 49  low: 3
374: 50 3 3 36 56 77  low: 3
375: 3 43 3 7 121 69  low: 3
376: 55 3 72 36 131 36  low: 3
377: 3 87 62 29 45 115  low: 3
378: 3 50 44 40 35 3  low: 3
379: 3 62 106 3 3 32  low: 3
380: 3 41 58 61 73 56  low: 3
381: 3 236 3 85 279 117  low: 3
382: 3 3 112 3 17 16  low: 3
383: 9 3 77 3 17 3  low: 3
384: 30 4 120 3 4 370  low: 3
385: 3 3 119 34 3 111  low: 3
386: 40 71 37 15 3 93  low: 3
386: 271 280 8 3 29 26  low: 3
387: 3 64 3 41 3 88  low: 3
388: 3 5 173 3 15 38  low: 3
389: 3 42 3 12 3 61  low: 3
390: 3 17 3 164 152 3  low: 3
391: 3 104 103 134 6 345  low: 3
392: 6 3 28 3 23 93  low: 3
393: 7 53 38 3 10 15  low: 3
394: 3 3 14 3 113 156  low: 3
395: 4 18 41 191 3 50  low: 3
396: 42 54 3 83 51 3  low: 3
397: 106 44 3 3 23 32  low: 3
398: 3 57 151 3 129 24  low: 3
399: 63 3 3 19 155 115  low: 3
400: 3 3 157 3 83 3  low: 3
401: 4 31 4 13 114 155  low: 4
402: 3 5 96 3 229 22  low: 3
403: 88 3 130 20 162 25  low: 3
404: 3 38 7 8 27 111  low: 3
405: 30 4 12 130 3 121  low: 3
406: 3 49 95 3 53 24  low: 3
407: 3 3 123 3 11 65  low: 3
408: 3 96 3 50 3 72  low: 3
409: 21 229 145 3 73 54  low: 3
410: 57 6 20 3 104 81  low: 3
411: 18 3 43 3 3 47  low: 3
412: 70 3 65 47 3 448  low: 3
413: 3 39 3 3 33 109  low: 3
414: 20 3 116 57 3 32  low: 3
415: 3 36 3 82 298 228  low: 3
416: 3 15 98 77 97 119  low: 3
417: 39 3 5 66 3 32  low: 3
418: 3 61 130 55 25 3  low: 3
419: 35 84 84 3 27873 3  low: 3
420: 94 3 73 3 39 3  low: 3
421: 3 6 30 3 81 3  low: 3
422: 3 14 3 194 126 74  low: 3
423: 3 3 23 3 27 28  low: 3
424: 3 3 26 3 161 3  low: 3
425: 3 3 34 14 59 56  low: 3
426: 3 40 53 79 128 10  low: 3
427: 46 3 77 9 106 7  low: 3
428: 3 4 59 206 27 3  low: 3
429: 31 3 3 68 7 79  low: 3
430: 63 109 130 13 3 209  low: 3
431: 100 16 3 89 60 66  low: 3
432: 3 101 213 25 4 23  low: 3
433: 3 130 3 23 147 105  low: 3
434: 3 55 3 34 29 41  low: 3
435: 59 44 124 53 75 229  low: 44
436: 51 33 75 3 131 26  low: 3
437: 45 3 4 28 60 3  low: 3
438: 17 3 184 3 59 3  low: 3
439: 186 41 49 37 78 35  low: 35
440: 136 36 104 9 43 3  low: 3
441: 67 3 292 136 87 38  low: 3
442: 29 3 108 191 29 45  low: 3
443: 5 3 73 3 321 74  low: 3
444: 134 3 234 17 61 162  low: 3
445: 172 6 145 70 160 79  low: 6
446: 24 24 57 3 186 29  low: 3
447: 3 69 3 3 82 71  low: 3
448: 3 33 31 9 265 43  low: 3
449: 31 13 3 65 94 15  low: 3
450: 3 3 71 42 19 47  low: 3
451: 3 13 46 243 3 53  low: 3
452: 18 22 16 42 264 49  low: 16
453: 38 96 3 149 3 35  low: 3
454: 44 3 3 24 4 38  low: 3
455: 3 3 3 30 60 158  low: 3
456: 34 3 35 13 156 49  low: 3
457: 43 3 38 71 61 135  low: 3
458: 3 10 5 21 3 54  low: 3
459: 3 71 3 167 26 25  low: 3
460: 26 46 3 49 25 122  low: 3
461: 3 82 3 3 3 39  low: 3
462: 3 96 25 3 59 105  low: 3
463: 5 45 128 3 42 7  low: 3
464: 76 3 17 3 136 31  low: 3
465: 3 3 7 30 44 45  low: 3
466: 3 30 3 63 3 83  low: 3
467: 45 3 11 80 262 227  low: 3
468: 45 34 61 42 3 64  low: 3
469: 3 56 3 31 6 3  low: 3
470: 3 96 47 3 115 24  low: 3
471: 3 17 80 5 36 3  low: 3
472: 54 3 29 80 164 29  low: 3
473: 3 3 3 46 104 12  low: 3
474: 107 3 3 105 3 374  low: 3
475: 3 113 27 3 6 73  low: 3
476: 3 45 3 28 9 3  low: 3
477: 3 41 3 40 19 61  low: 3
478: 39 3 49 3 13 3  low: 3
479: 109 3 3 18 65 3  low: 3
480: 3 3 71 12 63 3  low: 3
481: 3 23 44 3 78 13  low: 3
482: 19 3 6 43 140 4  low: 3
483: 3 47 3 123 9 138  low: 3
484: 3 77 3 451 3 308  low: 3
485: 3 3 65 5 21 26  low: 3
486: 16 28 10 48 47 3  low: 3
487: 24 77 3 18 3 33  low: 3
488: 63 22 3 55 223 65  low: 3
489: 46 18 71 37 137 3  low: 3
490: 31 27 79 32 45 58  low: 27
491: 31 4 88 55 41 71  low: 4
492: 3 20 3 3 5 62  low: 3
493: 129 3 3 35 3 26  low: 3
494: 4 41 19 75 52 14  low: 4
495: 3 30 3 18 3 130  low: 3
496: 42 22 37 3 33 7  low: 3
497: 7 12 3 17 17 224  low: 3
498: 3 3 39 3 17 56  low: 3
499: 3 42 3 39 3 74  low: 3
500: 48 13 23 6 124 12  low: 6
501: 3 4 107 3 3 68  low: 3
502: 3 19 13 3 34 10  low: 3
503: 4 27 3 28 58 130  low: 3
504: 73 3 68 205 52 142  low: 3
505: 3 64 75 305 12 21  low: 3
506: 24 11 28 49 117 25  low: 11
507: 3 15 10 4 110 99  low: 3
508: 3 55 3 4 22 36  low: 3
509: 3 29 3 3 135 3  low: 3
510: 3 3 21 42 3 55  low: 3
511: 3 58 3 46 47 69  low: 3
512: 20 3 30 49 58 41  low: 3
513: 22 82 25 3 46 33  low: 3
514: 47 18 95 14 33 13  low: 13
515: 3 3 107 43 51 66  low: 3
516: 46 72 3 3 5 42  low: 3
517: 3 112 3 27 3 56  low: 3
518: 31 3 60 3 3 78  low: 3
519: 3 57 135 76 19 30  low: 3
520: 44 3 4 85 40 53  low: 3
521: 122 3 3 58 3 59  low: 3
522: 3 105 3 43 3 3  low: 3
523: 100 69 3 58 3 101  low: 3
524: 3 40 89 3 47 3  low: 3
525: 53 24 176 3 79 3  low: 3
525: 3 27 3 113 21 15  low: 3
526: 3 3 65 53 41 67  low: 3
527: 17 35 27 3 3 65  low: 3
528: 13 17 3 49 85 89  low: 3
529: 3 21 30 52 35 42  low: 3
530: 52 16 75 26 72 200  low: 16
531: 54 3 4 16 90 45  low: 3
532: 3 3 3 51 148 3  low: 3
533: 3 7 106 3 51 49  low: 3
534: 3 3 38 28 85 61  low: 3
535: 4 3 48 29 122 211  low: 3
536: 302 43 3 103 35 25  low: 3
537: 3 23 3 4 120 58  low: 3
538: 68 3 40 3 3 65  low: 3
539: 3 4 17 3 94 45  low: 3
540: 3 3 4 117 3 28  low: 3
541: 120 31 43 3 3 42  low: 3
542: 3 17 21 101 81 51  low: 3
543: 5 3 116 36 134 43  low: 3
544: 3 3 3 93 54 133  low: 3
545: 3 3 5 133 3 84  low: 3
546: 3 3 99 78 161 86  low: 3
547: 118 3 3 29 322 148  low: 3
548: 3 4 362 55 66 72  low: 3
549: 3 3 3 119 225 108  low: 3
550: 218 113 51 103 80 46  low: 46
551: 63 3 348 645 40 143  low: 3
552: 3 151 3 3 67 87  low: 3
553: 53 3 3 51 3 3  low: 3
554: 4 31 65 70 25 77  low: 4
555: 116 48 3 120 3 179  low: 3
556: 115 3 3 233 84 75  low: 3
557: 89 53 283 3 3 265  low: 3
558: 3 3 3 23 39 4  low: 3
559: 40 3 100 57 244 44  low: 3
560: 5 48 3 3 174 141  low: 3
561: 98 3 3 3 52 167  low: 3
562: 3 3 34 146 149 109  low: 3
563: 3 17 166 3 236 3  low: 3
564: 4 162 3 35 66 46  low: 3
565: 3 4 83 18 69 101  low: 3
566: 3 159 3 94 144 110  low: 3
567: 33 104 39 48 3 292  low: 3
568: 452 197 189 3 15 129  low: 3
569: 93 3 4 26 3 3  low: 3
570: 3 3 194 42 4 201  low: 3
571: 3 3 3 279 145 3  low: 3
572: 3 762 3 3 333 212  low: 3
573: 3 4 737 3 164 55  low: 3
574: 40 67 3 3 62 121  low: 3
575: 3 3 80 532 155 7  low: 3
576: 300 27346 58 124 11 106  low: 11
577: 119 25 3 3 153 271  low: 3
578: 3 3 4 202 3 22  low: 3
579: 3 3 3 61 178 80  low: 3
580: 60 3 86 38 17 102  low: 3
581: 3 3 141 94 3 53  low: 3
582: 25 3 3 20 3 147  low: 3
583: 17 3 147 127 94 47  low: 3
584: 3 100 3 3 3 19  low: 3
585: 24 3 3 3 28 43  low: 3
586: 6 9 46 3 3 73  low: 3
587: 3 217 3 31 26 222  low: 3
588: 3 54 3 62 61 126  low: 3
589: 3 3 3 45 49 69  low: 3
590: 3 177 3 97 3 119  low: 3
591: 3 34 3 67 3 30  low: 3
592: 23 121 3 3 101 191  low: 3
593: 3 94 3 86 233 40  low: 3
594: 3 6 3 5 150 232  low: 3
595: 3 90 3 3 7 65  low: 3
596: 37 3 39 41 63 28  low: 3
597: 3 47 71 3 155 3  low: 3
598: 118 109 38 101 3 3  low: 3
599: 3 93 4 99 87 73  low: 3
600: 3 145 3 15 143 44  low: 3
601: 3 37 27 3 164 226  low: 3
602: 3 3 6 19 3 58  low: 3
603: 122 7 3 94 22 75  low: 3
604: 3 3 55 129 52 82  low: 3
605: 3 213 3 92 71 3  low: 3
606: 3 7 205 83 102 205  low: 3
607: 3 51 3 65 3 19  low: 3
608: 36 3 4 12 127 53  low: 3
609: 50 3 3 40 42 48  low: 3
610: 3 4 122 3 70 154  low: 3
611: 3 81 17 70 124 268  low: 3
612: 3 3 4 12 77 150  low: 3
613: 3 3 103 84 97 3  low: 3
614: 283 3 3 42 8 118  low: 3
615: 3 3 61 3 5 165  low: 3
616: 34 74 3 3 137 57  low: 3
617: 3 3 34 44 23 66  low: 3
618: 3 54 3 38 85 3  low: 3
619: 119 7 85 3 48 77  low: 3
620: 51 3 64 79 161 91  low: 3
621: 56 3 6 3 207 96  low: 3
622: 3 5 55 146 6 38  low: 3
623: 126 7 269 3 83 3  low: 3
624: 72 124 3 80 3 113  low: 3
625: 3 7 3 34 25 685  low: 3
626: 4 8 3 66 215 345  low: 3
627: 65 3 4 64 231 38  low: 3
628: 3 91 6 32 240 136  low: 3
629: 3 6 47 10 69 522  low: 3
630: 75 6 179 290 3 3  low: 3
631: 37 25 88 51 6 300  low: 6
632: 21 12 73 199 138 61  low: 12
633: 3 3 396 173 27276 3  low: 3
634: 173 6 41 6 41 169  low: 6
635: 76 46 74 136 3 4  low: 3
636: 38 3 99 3 22 411  low: 3
637: 3 19 11 69 280 165  low: 3
638: 227 3 61 3 133 3  low: 3
639: 6 215 3 46 445 78  low: 3
640: 3 62 30 105 111 8  low: 3
641: 59 3 21 122 53 319  low: 3
642: 3 205 3 208 244 243  low: 3
643: 3 35 3 3 240 81  low: 3
644: 17 3 63 347 54 150  low: 3
645: 3 3 129 23 191 133  low: 3
646: 40 3 114 3 3 193  low: 3
647: 100 6 192 82 99 178  low: 6
648: 270 146 254 3 138 3  low: 3
649: 3 16 3 218 18 4  low: 3
650: 3 140 3 17 386 116  low: 3
651: 235 3 3 71 95 63  low: 3
652: 121 77 46 194 3 827  low: 3
653: 140 22 3 3 94 6  low: 3
654: 3 4 68 404 598 23  low: 3
655: 32 3 3 310 15 90  low: 3
656: 3 71 36 51 222 354  low: 3
657: 80 3 6 6 151 292  low: 3
658: 294 311 192 73 51 139  low: 51
659: 173 113 391 29 3 137  low: 3
660: 150 6 141 6 189 134  low: 6
661: 3 3 20 4 27 578  low: 3
662: 3 20 56 156 144 103  low: 3
663: 153 18 3 98 224 54  low: 3
664: 3 3 146 349 3 6  low: 3
665: 80 120 4 3 794 3  low: 3
666: 85 118 150 96 443 114  low: 85
667: 3 334 13 157 3 1049  low: 3667: 79 109 41 21 183 170  low: 21
668: 3 3 3 62 3 3  low: 3
669: 32 231 412 3 182 3  low: 3
670: 3 3 3 205 3 51  low: 3
671: 29 291 3 46 3 3  low: 3
672: 54 65 35 424 3 3  low: 3
673: 3 3 5 147 3 3  low: 3
674: 3 3 3 25 154 177  low: 3
675: 3 3 3 3 65 3  low: 3
676: 4 3 3 162 55 3  low: 3
677: 3 3 106 47 27 39  low: 3
678: 101 3 3 285 3 78  low: 3
679: 259 252 71 3 3 3  low: 3
680: 3 3 143 167 39 3  low: 3
681: 3 3 127 3 3 151  low: 3
682: 174 58 221 1 3 267  low: 1
683: 32 139 39 3 19 61  low: 3
684: 3 37 205 89 39 91  low: 3
685: 165 319 49 49 3 57  low: 3
686: 23 105 123 3 3 29  low: 3
687: 3 3 97 571 3 110  low: 3
688: 21 3 3 3 223 265  low: 3
689: 63 3 3 3 97 107  low: 3
690: 179 3 3 3 43 221  low: 3
691: 9 3 3 3 29 110  low: 3
692: 96 3 3 117 316 72  low: 3
693: 562 3 3 23 54 61  low: 3
694: 3 3 3 46 135 148  low: 3
695: 4 165 177 3 3 529  low: 3
696: 159 3 31 27 171 284  low: 3
697: 3 5 64 98 87 130  low: 3
698: 229 367 277 3 3 3  low: 3
699: 26 20 15 3 3 101  low: 3
700: 3 3 218 49 226 49  low: 3
701: 63 53 123 146 19 3  low: 3
702: 67 29 98 214 3 143  low: 3
703: 3 6 141 115 135 27810  low: 3
704: 258 109 3 3 199 3  low: 3
705: 3 3 3 3 41 3  low: 3
706: 3 3 86 3 4 125  low: 3
707: 3 3 3 3 188 16  low: 3
708: 538 3 261 208 219 13  low: 3
709: 6 3 5 73 136 743  low: 3
710: 3 215 262 305 188 239  low: 3
711: 112 3 174 264 535 128  low: 3
712: 50 300 45 117 381 4  low: 4
713: 3 3 3 204 3 185  low: 3
714: 3 3 29 18 3 3  low: 3
715: 6 480 32 3 315 3  low: 3
716: 3 240 3 115 402 58  low: 3
717: 3 227 365 3 7 3  low: 3
718: 3 3 188 147 4 3  low: 3
719: 213 508 250 9 106 459  low: 9
720: 37 3 4 89 124 3  low: 3
721: 92 118 364 12 323 525  low: 12
722: 64 312 268 183 30 220  low: 30
723: 9 306 78 157 523 464  low: 9
724: 3 219 7 3 6 428  low: 3
725: 51 3 3 44 3 3  low: 3
726: 3 43 4 166 163 279  low: 3
727: 80 3 3 216 115 3  low: 3
728: 3 6 6 151 186 219  low: 3
729: 6 11 267 40 523 268  low: 6
730: 27591 3 3 3 185 3  low: 3
731: 201 23 216 195 3 147  low: 3
732: 3 3 4 44 82 30  low: 3
733: 3 22 3 3 998 3  low: 3
734: 3 3 53 99 923 336  low: 3
735: 3 6 528 145 11 506  low: 3
736: 3 6 71 3 3 437  low: 3
737: 3 3 63 311 131 101  low: 3
738: 111 138 6 50 63 236  low: 6
739: 3 3 244 329 27 117  low: 3
740: 3 3 5 167 56 432  low: 3
741: 41 110 3 101 150 3  low: 3
742: 3 111 53 63 6 87  low: 3
743: 52 6 95 23 69 3  low: 3
744: 3 3 103 103 511 101  low: 3
745: 61 107 209 82 328 220  low: 61
746: 3 3 446 198 64 422  low: 3
747: 83 73 83 20 91 3  low: 3
748: 24 3 128 259 3 101  low: 3
749: 28 33 170 3 206 6  low: 3
750: 38 175 3 3 6 111  low: 3
751: 3 3 20 182 162 57  low: 3
752: 83 3 3 63 191 114  low: 3
753: 3 79 61 4 59 62  low: 3
754: 3 3 3 284 3 95  low: 3
755: 3 3 65 24 38 173  low: 3
756: 69 3 113 133 3 108  low: 3
757: 9 3 157 61 210 3  low: 3
758: 17 190 156 3 3 28  low: 3
759: 3 3 89 36 263 348  low: 3
760: 55 3 250 275 139 152  low: 3
761: 3 3 105 109 3 99  low: 3
762: 48 74 34 150 134 124  low: 34
763: 106 3 112 44 295 3  low: 3
764: 3 67 3 3 16 323  low: 3
765: 140 3 3 177 131 244  low: 3
766: 29 121 21 419 6 13  low: 6
767: 3 3 3 81 62 35  low: 3
768: 3 3 3 46 144 96  low: 3
769: 67 55 4 3 3 82  low: 3
770: 3 3 92 52 62 95  low: 3
771: 95 3 3 115 3 180  low: 3
772: 80 3 3 4 18 116  low: 3
773: 49 19 3 3 3 66  low: 3
774: 3 3 3 32 3 54  low: 3
775: 13 3 3 3 4 149  low: 3
776: 65 73 3 19 41 33  low: 3
777: 65 76 56 46 3 107  low: 3
778: 3 3 45 3 3 4  low: 3
779: 50 118 89 3 116 3  low: 3
780: 64 9 68 39 69 31  low: 9
781: 103 3 3 101 74 3  low: 3
782: 121 7 64 96 23 23  low: 7
783: 27 74 51 21 38 3  low: 3
784: 40 13 31 41 107 78  low: 13
785: 50 49 3 3 3 148  low: 3
786: 4 3 3 3 53 96  low: 3
787: 3 3 3 57 3 3  low: 3
788: 56 43 17 31 136 56  low: 17
789: 33 52 27 116 57 103  low: 27
790: 3 3 3 75 85 76  low: 3
791: 3 3 14 110 165 128  low: 3
792: 117 21 86 3 128 120  low: 3
793: 12 3 3 73 4 44  low: 3
794: 3 3 3 80 3 3  low: 3
795: 53 57 3 3 232 156  low: 3
796: 4 3 3 4 51 45  low: 3
797: 31 78 3 3 31 80  low: 3
798: 3 3 3 3 64 41  low: 3
799: 3 3 65 74 48 35  low: 3
800: 3 136 63 4 50 48  low: 3
801: 33 30 45 72 23 68  low: 23
802: 49 32 59 54 36 39  low: 32
803: 15 41 55 35 4 3  low: 3
804: 108 3 46 3 3 27  low: 3
805: 3 3 3 3 52 3  low: 3
806: 41 3 3 53 40 35  low: 3
807: 3 3 37 37 49 97  low: 3
808: 31 41 3 27 95 51  low: 3
809: 19 45 3 3 3 97  low: 3
810: 3 29 39 43 65 37  low: 3
811: 21 93 89 3 55 43  low: 3
812: 3 4 37 31 3 3  low: 3
813: 95 168 22 52 21 138  low: 21
814: 3 3 33 3 3 3  low: 3
815: 85 18 48 108 67 3  low: 3
816: 18 91 35 3 3 19  low: 3
817: 69 3 66 38 3 3  low: 3
818: 37 3 3 3 76 33  low: 3
819: 3 3 3 79 69 71  low: 3
820: 41 3 83 55 63 3  low: 3
821: 183 44 83 60 39 60  low: 39
822: 3 3 3 3 43 9  low: 3
823: 39 3 40 28 9 41  low: 3
824: 41 45 3 3 3 54  low: 3
825: 69 38 3 66 3 47  low: 3
826: 50 3 3 110 31 47  low: 3
827: 3 3 3 4 82 9  low: 3
828: 32 49 10 35 17 47  low: 10
829: 3 3 82 67 78 70  low: 3
830: 3 3 3 48 49 78  low: 3
831: 42 3 3 3 103 49  low: 3
832: 31 3 4 23 51 27  low: 3
833: 23 41 64 28 106 4  low: 4
834: 3 3 3 3 9 27  low: 3
835: 3 13 39 3 3 3  low: 3
836: 19 35 105 4 3 3  low: 3
837: 3 3 53 66 35 3  low: 3
838: 36 3 3 3 3 23  low: 3
839: 3 3 3 3 132 104  low: 3
840: 133 22 30 61 36 3  low: 3
841: 3 3 3 34 63 61  low: 3
842: 27 60 3 124 41 66  low: 3
843: 69 3 3 4 60 59  low: 3
844: 78 3 4 66 19 98  low: 3
845: 59 3 3 3 30 61  low: 3
846: 72 3 3 9 35 38  low: 3
847: 3 3 3 30 66 65  low: 3
848: 81 3 3 3 29 38  low: 3
849: 3 3 3 4 73 41  low: 3
850: 27 27 21 3 3 94  low: 3
851: 45 3 50 176 3 25  low: 3
852: 27 79 3 38 3 3  low: 3
853: 3 121 3 37 141 181  low: 3
854: 3 3 37 3 3 215  low: 3
855: 33 144 3 3 105 60  low: 3
856: 63 55 3 3 39 46  low: 3
857: 3 3 46 107 27937 59  low: 3
858: 102 3 3 152 14 41  low: 3
859: 3 3 3 3 29 87  low: 3
860: 3 3 3 3 69 69  low: 3
861: 3 3 3 135 3 3  low: 3
862: 47 61 61 87 137 79  low: 47
863: 105 3 3 3 5 61  low: 3
864: 3 3 3 3 109 130  low: 3
865: 51 9 3 77 67 166  low: 3
866: 3 74 4 3 3 209  low: 3
867: 4 3 3 224 174 3  low: 3
868: 3 3 3 4 88 3  low: 3
869: 3 3 3 3 5 37  low: 3
870: 64 3 3 240 293 160  low: 3
871: 86 61 100 183 84 31  low: 31
872: 3 3 3 3 68 67  low: 3
873: 40 61 61 164 44 176  low: 40
874: 3 3 3 3 69 121  low: 3
875: 134 55 131 3 3 251  low: 3
876: 3 4 2 4 166 105  low: 2
877: 57 54 140 84 272 17  low: 17
878: 3 3 3 4 192 195  low: 3
879: 3 3 3 4 68 3  low: 3
880: 532 3 165 182 3 208  low: 3
881: 362 102 87 190 3 154  low: 3
882: 217 81 537 91 3 77  low: 3
883: 440 3 3 3 149 3  low: 3
884: 110 4 3 3 3 111  low: 3
885: 3 3 3 463 45 111  low: 3
886: 382 117 76 163 41 134  low: 41
887: 267 135 3 3 53 38  low: 3
888: 3 3 3 19 24 119  low: 3
889: 58 96 145 65 936 183  low: 58
890: 264 96 3 13 198 3  low: 3
891: 104 126 3 3 3 3  low: 3
892: 39 31 3 190 3 3  low: 3
893: 222 76 3 3 3 110  low: 3
894: 291 64 48 3 3 229  low: 3
895: 3 3 4 99 51 175  low: 3
896: 3 3 37 188 3 3  low: 3
897: 5 93 3 416 55 240  low: 3
898: 275 28 215 13 261 3  low: 3
899: 402 3 3 219 3 3  low: 3
900: 3 3 41 26 35 77  low: 3
901: 27606 3 3 84 183 92  low: 3
902: 290 3 3 4 65 3  low: 3
903: 3 3 3 3 83 3  low: 3
904: 3 3 3 4 116 3  low: 3
905: 71 55 420 3 3 264  low: 3
906: 319 3 3 4 169 79  low: 3
907: 3 3 185 65 195 45  low: 3
908: 115 68 186 47 298 49  low: 47
909: 3 3 4 160 137 7  low: 3
910: 21 135 188 218 3 3  low: 3
911: 3 3 4 30 3 142  low: 3
912: 27 150 91 155 87 45  low: 27
913: 3 78 3 3 113 41  low: 3
914: 3 3 258 3 3 291  low: 3
915: 3 3 3 3 19 3  low: 3
916: 115 152 3 337 66 98  low: 3
917: 3 91 3 3 3 170  low: 3
918: 86 3 7 25 93 3  low: 3
919: 41 3 3 3 3 83  low: 3
920: 285 3 3 21 168 132  low: 3
921: 3 3 98 126 54 11  low: 3
922: 3 64 59 50 281 228  low: 3
923: 3 3 231 25 81 3  low: 3
924: 3 44 28 83 3 3  low: 3
925: 3 3 106 69 3 3  low: 3
926: 3 45 63 473 32 89  low: 3
927: 4 4 30 123 9 130  low: 4
928: 3 3 100 117 27 35  low: 3
929: 158 3 110 129 65 100  low: 3
930: 157 19 5 16 3 3  low: 3
931: 3 3 3 85 3 5  low: 3
932: 3 3 3 4 77 258  low: 3
933: 3 3 3 3 58 63  low: 3
934: 3 3 3 86 108 75  low: 3
935: 69 39 3 3 223 3  low: 3
936: 15 130 132 23 82 32  low: 15
937: 3 3 101 87 65 42  low: 3
938: 3 3 3 44 25 119  low: 3
939: 51 100 62 4 88 23  low: 4
940: 3 3 3 97 3 115  low: 3
941: 3 3 3 3 24 133  low: 3
942: 3 3 3 60 3 120  low: 3
943: 38 92 3 4 105 79  low: 3
944: 3 3 5 31 156 40  low: 3
945: 37 91 105 3 72 31  low: 3
946: 34 17 62 31 4 14  low: 4
947: 19 26 354 334 22 66  low: 19
948: 34 22 223 174 31 3  low: 3
949: 92 3 25 156 80 78  low: 3
950: 105 85 3 3 63 3  low: 3
951: 3 3 93 351 27 227  low: 3
952: 436 102 177 3 76 18  low: 3
953: 3 3 3 3 275 481  low: 3
954: 3 3 74 349 4 47  low: 3
955: 3 3 171 245 280 92  low: 3
956: 82 314 44 36 24 3  low: 3
957: 3 3 3 3 80 3  low: 3
958: 7 3 3 532 90 67  low: 3
959: 3 177 15 3 5 380  low: 3
960: 3 3 3 3 275 264  low: 3
961: 3 293 103 4 82 230  low: 3
962: 46 3 192 86 27 428  low: 3
963: 132 183 117 87 128 105  low: 87
964: 48 5 159 31 9 105  low: 5
965: 3 3 3 4 31 59  low: 3
966: 117 123 3 41 159 67  low: 3
967: 403 77 97 19 9 158  low: 9
968: 385 49 58 3 4 107  low: 3
969: 64 73 124 79 3 103  low: 3
970: 195 3 3 25 66 3  low: 3
971: 3 3 96 45 276 159  low: 3
972: 29 23 24 3 3 3  low: 3
973: 3 274 32 29 32 59  low: 3
974: 75 78 25 77 4 4  low: 4
975: 17 35 307 83 3 117  low: 3
976: 17 107 9 40 49 3  low: 3
977: 3 3 3 78 66 30  low: 3
978: 9 3 3 3 71 92  low: 3
979: 27 121 76 172 49 127  low: 27
980: 133 158 123 154 102 21  low: 21
981: 3 3 3 4 68 3  low: 3
982: 36 3 3 4 133 49  low: 3
983: 109 3 3 180 125 3  low: 3
984: 3 21 38 123 88 335  low: 3
985: 106 3 3 33 432 108  low: 3
986: 136 264 3 3 276 84  low: 3
987: 195 3 3 3 3 9  low: 3
988: 3 4 116 118 3 60  low: 3
989: 41 3 3 3 211 3  low: 3
990: 3 3 29 48 9 64  low: 3
991: 89 3 3 172 109 29  low: 3
992: 127 97 36 47 148 3  low: 3
993: 3 3 3 266 52 94  low: 3
994: 13001 139 147 181 98 4  low: 4
995: 72 17 3 3 3 4  low: 3
996: 101 3 4 116 3 3  low: 3
997: 148 3 3 120 78 109  low: 3
998: 379 70 41 5 3 3  low: 3
999: 146 3 3 80 4 86  low: 3