000: 4 186 36 141 151 4  low: 4
001: 1397 9 64 4 548 103  low: 4
002: 13 4 4 166 148 194  low: 4
003: 4 4 163 4 46 140  low: 4
004: 4 4 4 424 47 533  low: 4
005: 4 5 30 4 27 4  low: 4
006: 4 200 4 4 384 174  low: 4
007: 18 4 366 74 132 261  low: 4
008: 4 245 4 596 209 163  low: 4
009: 4 4 178 8 42 63  low: 4
010: 27 80 46 4 4 4  low: 4
011: 28 4 4 4 148 4  low: 4
012: 5 4 4 350 47 163  low: 4
013: 4 343 137 102 247 4  low: 4
014: 95 88 28 88 4 140  low: 4
015: 201 28 193 62 4 4  low: 4
016: 84 4 4 55 104 99  low: 4
017: 168 4 4 400 4 261  low: 4
018: 161 71 125 5 470 6  low: 5
019: 48 102 271 86 64 34  low: 34
020: 4 4 53 484 110 4  low: 4
021: 42 78 54 4 4 170  low: 4
022: 82 5 92 4 347 4  low: 4
023: 77 4 4 5 522 193  low: 4
024: 4 61 138 4 4 211  low: 4
025: 4 4 210 143 12 123  low: 4
026: 4 10 440 6 134 4  low: 4
027: 20 131 100 4 4 311  low: 4
028: 109 158 223 109 126 135  low: 109
029: 4 4 4 308 110 254  low: 4
030: 5 5 77 35 298 375  low: 5
031: 4 4 4 32 110 4  low: 4
032: 4 4 4 4 309 4  low: 4
033: 4 4 4 158 4 149  low: 4
034: 4 4 4 127 4 165  low: 4
035: 73 60 66 280 33 225  low: 33
036: 54 109 152 37 4 4  low: 4
037: 4 4 5 66 4 4  low: 4
038: 4 4 4 7 120 773  low: 4
039: 4 4 94 231 105 5  low: 4
040: 297 4 4 4 19 175  low: 4
041: 8 38 85 8 4 93  low: 4
042: 181 13 4 4 343 13  low: 4
043: 135 88 4 73 94 236  low: 4
044: 4 4 4 4 171 87  low: 4
045: 95 5 189 4 4 120  low: 4
046: 4 4 233 72 82 125  low: 4
047: 196 74 16 52 113 4  low: 4
048: 43 4 86 4 4 4  low: 4
049: 82 4 4 5 20 128  low: 4
050: 4 4 5 228 81 143  low: 4
051: 115 4 4 4 92 5  low: 4
052: 5 4 4 270 4 158  low: 4
053: 393 5 6 125 114 102  low: 5
054: 70 4 4 4 5 99  low: 4
055: 195 179 47 4 4 4  low: 4
056: 50 36 5 301 13 172  low: 5
057: 4 4 83 197 7 76  low: 4
058: 195 75 372 4 4 150  low: 4
059: 4 4 4 60 329 4  low: 4
060: 5 4 39 201 12 385  low: 4
061: 4 4 274 148 136 256  low: 4
062: 12 4 58 153 102 408  low: 4
063: 4 4 4 5 96 81  low: 4
064: 4 4 4 4 48 186  low: 4
065: 125 4 4 4 189 4  low: 4
066: 24 184 4 4 4 120  low: 4
067: 4 4 6 132 262 155  low: 4
068: 265 4 4 252 30 60  low: 4
069: 169 4 61 220 5 4  low: 4
070: 116 113 304 83 72 115  low: 72
071: 4 4 4 4 155 12  low: 4
072: 4 5 85 35 54 27  low: 4
073: 98 46 217 5 141 4  low: 4
074: 4 4 174 4 106 27857  low: 4
075: 4 4 4 5 209 122  low: 4
076: 233 114 4 7 102 4  low: 4
077: 271 134 4 4 4 71  low: 4
078: 4 4 4 5 188 202  low: 4
079: 364 4 4 4 65 113  low: 4
080: 278 101 4 5 58 386  low: 4
081: 68 4 4 248 4 475  low: 4
082: 54 4 4 4 7 271  low: 4
083: 109 4 4 115 212 26  low: 4
084: 115 108 19 4 4 78  low: 4
085: 4 4 4 5 201 310  low: 4
086: 150 10 4 4 108 80  low: 4
087: 4 4 4 4 30 102  low: 4
088: 64 182 4 4 110 133  low: 4
089: 152 78 366 585 393 322  low: 78
090: 161 297 44 62 70 301  low: 44
091: 47 43 103 4 4 243  low: 4
092: 4 4 4 4 115 4  low: 4
093: 49 4 4 4 72 32  low: 4
094: 173 102 98 51 36 25  low: 25
095: 4 4 4 49 220 63  low: 4
096: 161 66 4 103 42 165  low: 4
097: 4 4 4 6 65 74  low: 4
098: 4 4 4 4 107 65  low: 4
099: 93 4 26 71 61 4  low: 4
100: 96 53 63 93 4 4  low: 4
101: 10 4 4 144 4 4  low: 4
102: 4 4 4 73 4 4  low: 4
103: 45 33 4 4 39 110  low: 4
104: 4 4 51 4 4 4  low: 4
105: 92 87 106 4 89 4  low: 4
106: 4 4 4 53 37 150  low: 4
107: 63 4 4 4 79 79  low: 4
108: 5 4 4 64 76 85  low: 4
109: 29 117 41 19 5 34  low: 5
110: 4 4 4 34 6 92  low: 4
111: 28 39 42 19 70 50  low: 19
112: 4 4 4 40 56 4  low: 4
113: 4 4 4 45 100 4  low: 4
114: 4 4 92 94 77 47  low: 4
115: 4 4 4 5 110 85  low: 4
116: 28 124 4 50 70 4  low: 4
117: 23 39 59 5 73 31  low: 5
118: 19 4 4 4 65 95  low: 4
119: 4 4 77 62 22 70  low: 4
120: 21 4 4 7 61 36  low: 4
121: 4 4 12 72 45 10  low: 4
122: 4 4 6 77 4 67  low: 4
123: 4 4 4 41 46 70  low: 4
124: 28 4 4 4 47 28  low: 4
125: 61 21 4 4 124 28  low: 4
126: 39 81 16 4 4 141  low: 4
127: 4 5 13 67 4 4  low: 4
128: 188 4 81 4 4 34  low: 4
129: 90 109 4 4 74 116  low: 4
130: 4 4 6 17 148 107  low: 4
131: 4 4 4 4 95 101  low: 4
132: 4 4 32 59 61 73  low: 4
133: 4 4 4 114 19 4  low: 4
134: 4 4 6 72 218 75  low: 4
135: 56 90 24 137 89 20  low: 20
136: 40 45 4 76 90 4  low: 4
137: 82 101 24 4 4 4  low: 4
138: 77 4 4 4 6 76  low: 4
139: 4 12 72 4 4 107  low: 4
140: 4 4 4 98 77 41  low: 4
141: 57 42 208 4 75 99  low: 4
142: 4 4 4 162 4 4  low: 4
143: 48 5 5 48 28 99  low: 5
144: 37 94 30 47 76 77  low: 30
145: 61 4 4 4 159 274  low: 4
146: 4 4 4 20 174 4  low: 4
147: 66 4 85 66 4 4  low: 4
148: 110 4 4 88 5 4  low: 4
149: 50 4 126 56 93 4  low: 4
150: 4 4 55 95 4 4  low: 4
151: 5 4 75 167 51 75  low: 4
152: 27 93 4 4 4 204  low: 4
153: 53 4 79 4 4 126  low: 4
154: 10 4 4 4 103 10  low: 4
155: 4 4 4 4 74 30  low: 4
156: 4 25 4 4 4 7  low: 4
157: 37 4 4 147 79 4  low: 4
158: 67 4 85 81 51 4  low: 4
159: 4 4 4 48 4 211  low: 4
160: 4 81 4 4 4 112  low: 4
161: 58 102 36 70 4 129  low: 4
162: 57 4 57 36 84 34  low: 4
163: 57 4 4 54 50 32  low: 4
164: 53 4 4 4 95 48  low: 4
165: 55 4 4 4 4 57  low: 4
166: 63 4 47 55 4 4  low: 4
167: 30 4 4 5 34 47  low: 4
168: 55 4 4 4 49 97  low: 4
169: 10 4 4 4 4 82  low: 4
170: 48 4 4 34 4 56  low: 4
171: 4 5 9 53 5 57  low: 4
172: 89 4 4 4 29 49  low: 4
173: 4 4 4 60 92 4  low: 4
174: 4 4 70 24 50 49  low: 4
175: 55 4 4 4 50 35  low: 4
176: 120 45 48 24 72 4  low: 4
177: 45 38 78 70 12 73  low: 12
178: 83 4 4 4 50 23  low: 4
179: 49 4 77 68 4 4  low: 4
180: 96 56 63 4 7 69  low: 4
181: 182 52 48 64 4 68  low: 4
182: 84 49 77 36 40 4  low: 4
183: 4 4 4 64 71 4  low: 4
184: 11 5 4 4 72 83  low: 4
185: 4 4 100 50 82 68  low: 4
186: 80 4 4 4 66 44  low: 4
187: 62 4 4 4 52 119  low: 4
188: 86 43 146 36 134 5  low: 5
189: 60 4 5 9 54 34  low: 4
190: 93 4 4 4 67 4  low: 4
191: 50 68 4 4 54 4  low: 4
192: 4 4 4 88 70 4  low: 4
193: 52 4 4 4 56 52  low: 4
194: 4 4 4 5 21 107  low: 4
195: 4 4 4 5 45 70  low: 4
196: 4 4 68 4 4 4  low: 4
197: 4 4 96 4 4 40  low: 4
198: 4 4 106 4 4 4  low: 4
199: 31 4 4 72 4 4  low: 4
200: 4 4 5 39 197 4  low: 4
201: 93 4 4 7 74 36  low: 4
202: 4 4 4 92 4 4  low: 4
203: 154 4 4 50 169 75  low: 4
204: 4 4 4 5 105 110  low: 4
205: 4 4 4 140 4 4  low: 4
206: 5 4 58 101 51 289  low: 4
207: 4 4 4 215 154 4  low: 4
208: 108 246 83 4 4 4  low: 4
209: 115 145 137 121 73 75  low: 73
210: 86 4 255 92 97 48  low: 4
211: 132 188 62 28 46 87  low: 28
212: 143 4 72 40 201 5  low: 4
213: 4 8 84 169 27864 54  low: 4
214: 4 4 88 130 178 60  low: 4
215: 167 4 4 4 148 4  low: 4
216: 10 4 4 118 30 120  low: 4
217: 18 150 138 79 5 89  low: 5
218: 4 4 70 22 274 4  low: 4
219: 4 4 4 4 60 117  low: 4
220: 138 4 4 196 150 4  low: 4
221: 4 4 4 135 96 82  low: 4
222: 4 172 93 96 4 131  low: 4
223: 186 4 4 4 506 100  low: 4
224: 85 166 4 4 128 126  low: 4
225: 60 95 229 133 4 235  low: 4
226: 196 116 4 42 152 206  low: 4
227: 165 4 4 99 4 4  low: 4
228: 144 4 127 4 4 4  low: 4
229: 53 5 4 4 81 116  low: 4
230: 4 4 4 5 301 123  low: 4
231: 5 4 331 4 4 142  low: 4
232: 154 4 4 5 276 274  low: 4
233: 4 5 71 214 151 4  low: 4
234: 4 140 183 6 26 88  low: 4
235: 132 4 4 4 59 4  low: 4
236: 85 52 4 4 165 6  low: 4
237: 4 4 57 4 4 4  low: 4
238: 4 234 6 196 44 4  low: 4
239: 4 4 4 62 40 221  low: 4
240: 38 12 4 4 4 4  low: 4
241: 90 274 78 32 94 4  low: 4
242: 5 4 4 4 32 4  low: 4
243: 293 36 52 66 68 124  low: 36
244: 54 4 4 138 141 180  low: 4
245: 4 4 100 24 20 62  low: 4
246: 4 4 36 102 4 4  low: 4
247: 114 27 62 40 101 68  low: 27
248: 30 4 5 45 106 4  low: 4
249: 7 33 147 31 80 30  low: 7
250: 24 58 30 4 4 137  low: 4
251: 4 4 4 4 48 45  low: 4
252: 96 82 156 142 38 91  low: 38
253: 4 46 4 4 4 8  low: 4
254: 4 4 88 90 270 82  low: 4
255: 52 42 4 62 118 88  low: 4
256: 22 34 128 38 102 165  low: 22
257: 4 4 5 125 56 64  low: 4
258: 176 4 4 52 226 58  low: 4
259: 52 4 186 24 39 34  low: 4
260: 144 70 44 4 4 121  low: 4
261: 4 32 127 76 64 4  low: 4
262: 4 4 4 32 88 94  low: 4
263: 4 50 4 116 17 135  low: 4
264: 4 4 150 5 69 72  low: 4
265: 4 5 125 86 5 127  low: 4
266: 4 4 4 122 46 76  low: 4
267: 4 4 4 112 44 62  low: 4
268: 42 34 34 22 48 4  low: 4
269: 4 4 4 4 51 23  low: 4
270: 32 34 86 6 24 4  low: 4
271: 4 68 14 55 5 4  low: 4
272: 37 141 4 27948 16 4  low: 4
273: 102 4 4 4 5 34  low: 4
274: 39 4 82 72 69 5  low: 4
275: 58 102 82 62 94 80  low: 58
276: 4 4 4 81 64 76  low: 4
277: 4 4 54 4 4 4  low: 4
278: 4 4 48 104 108 54  low: 4
279: 50 36 4 20 40 48  low: 4
280: 4 4 4 5 69 74  low: 4
281: 18 28 64 159 68 42  low: 18
282: 30 24 30 4 4 4  low: 4
283: 24 74 82 4 4 56  low: 4
284: 4 4 4 52 54 4  low: 4
285: 30 4 66 4 4 4  low: 4
286: 45 35 52 5 51 42  low: 5
287: 4 4 38 108 75 4  low: 4
288: 4 12 30 56 28 24  low: 4
289: 4 4 4 4 79 5  low: 4
290: 73 5 4 4 48 61  low: 4
291: 26 106 4 4 4 122  low: 4
292: 30 4 90 4 4 4  low: 4
293: 70 46 114 93 102 94  low: 46
294: 4 4 4 114 58 18  low: 4
295: 42 4 5 78 47 106  low: 4
296: 54 72 38 104 78 75  low: 38
297: 4 5 41 4 4 4  low: 4
298: 4 117 56 35 154 13  low: 4
299: 85 219 47 7 76 91  low: 7
300: 32 4 4 4 78 4  low: 4
301: 4 4 4 76 4 4  low: 4
302: 48 4 4 50 102 4  low: 4
303: 4 4 6 72 56 46  low: 4
304: 35 18 26 81 84 66  low: 18
305: 58 86 5 79 26 4  low: 4
306: 4 26 51 14 59 112  low: 4
307: 44 103 4 4 82 60  low: 4
308: 4 4 75 4 4 21  low: 4
309: 5 4 4 143 6 52  low: 4
310: 56 4 4 28 46 46  low: 4
311: 26 123 4 32 4 62  low: 4
312: 44 72 104 4 4 54  low: 4
313: 4 5 21 13 50 16  low: 4
314: 22 62 4 5 38 20  low: 4
315: 49 4 4 4 41 30  low: 4
316: 4 5 73 4 4 4  low: 4
317: 34 56 4 4 54 56  low: 4
318: 4 5 124 46 49 4  low: 4
319: 91 4 4 4 41 4  low: 4
320: 4 49 4 44 22 32  low: 4
321: 50 24 56 40 143 60  low: 24
322: 4 4 16 112 97 106  low: 4
323: 32 132 32 164 32 12  low: 12
324: 4 4 4 52 30 126  low: 4
325: 40 158 4 5 77 84  low: 4
326: 20 36 38 34 44 148  low: 20
327: 38 4 5 59 43 36  low: 4
328: 92 4 4 110 4 84  low: 4
329: 4 4 4 65 66 4  low: 4
330: 131 73 103 84 94 52  low: 52
331: 4 4 4 4 79 42  low: 4
332: 82 61 4 4 80 4  low: 4
333: 62 147 10 52 4 4  low: 4
334: 5 4 4 36 46 46  low: 4
335: 46 4 5 55 46 4  low: 4
336: 60 56 76 71 4 4  low: 4
337: 100 54 4 4 5 61  low: 4
338: 77 128 4 38 72 25  low: 4
339: 4 4 4 4 113 130  low: 4
340: 32 25 79 32 64 41  low: 25
341: 83 4 4 53 104 84  low: 4
342: 4 8 54 40 72 4  low: 4
343: 4 4 4 4 86 74  low: 4
344: 4 5 68 105 4 4  low: 4
345: 4 4 4 4 55 31  low: 4
346: 4 4 4 4 18 4  low: 4
347: 189 58 4 4 4 32  low: 4
348: 4 4 65 104 62 56  low: 4
349: 4 4 4 5 53 42  low: 4
350: 4 4 4 6 81 94  low: 4
351: 184 4 4 218 4 110  low: 4
352: 95 14 65 35 132 52  low: 14
353: 4 4 102 104 4 4  low: 4
354: 4 4 4 4 59 77  low: 4
355: 62 46 4 64 54 4  low: 4
356: 4 64 36 46 37 5  low: 4
357: 22 4 4 4 94 129  low: 4
358: 5 4 4 6 42 28  low: 4
359: 4 4 26 59 30 50  low: 4
360: 34 94 4 4 75 4  low: 4
361: 6 4 7 90 36 43  low: 4
362: 54 4 4 4 4 74  low: 4
363: 102 103 4 4 67 4  low: 4
364: 4 4 133 4 86 48  low: 4
365: 89 71 36 4 105 55  low: 4
366: 4 4 48 4 4 4  low: 4
367: 4 4 58 5 4 8  low: 4
368: 73 10 4 4 4 71  low: 4
369: 4 4 4 7 88 60  low: 4
370: 4 4 4 73 271 4  low: 4
371: 81 4 4 5 109 4  low: 4
372: 36 40 36 90 4 4  low: 4
373: 4 4 4 180 4 4  low: 4
374: 19 4 28 102 118 54  low: 4
375: 78 4 4 4 97 4  low: 4
376: 80 4 4 4 74 151  low: 4
377: 75 173 4 8 72 48  low: 4
378: 201 4 4 44 110 4  low: 4
379: 72 63 4 4 4 54  low: 4
380: 4 30 58 304 7 91  low: 4
381: 5 6 69 138 120 67  low: 5
382: 119 123 31 115 4 44  low: 4
383: 60 4 4 4 4 70  low: 4
384: 121 397 32 77 138 33  low: 32
385: 377 4 4 4 154 14  low: 4
386: 133 207 340 6 193 4  low: 4
387: 4 181 122 4 4 191  low: 4
388: 36 90 4 4 4 125  low: 4
389: 4 5 150 82 119 194  low: 4
390: 103 4 4 34 58 44  low: 4
391: 78 4 4 4 109 4  low: 4
392: 5 4 4 70 34 84  low: 4
393: 18 114 33 43 67 65  low: 18
394: 53 4 133 4 4 276  low: 4
395: 67 5 18 50 41 5  low: 5
396: 73 40 190 30 260 5  low: 5
397: 4 4 4 4 62 52  low: 4
398: 4 5 4 58 103 56  low: 4
399: 83 4 68 99 28 85  low: 4
400: 49 4 5 78 76 4  low: 4
401: 4 4 4 4 104 188  low: 4
402: 4 4 4 147 62 108  low: 4
403: 4 4 4 4 119 4  low: 4
404: 52 4 4 4 41 120  low: 4
405: 139 288 198 174 83 26  low: 26
406: 231 4 181 112 71 63  low: 4
407: 91 237 4 4 4 84  low: 4
408: 110 4 8 220 396 318  low: 4
409: 4 102 259 144 179 266  low: 4
410: 88 264 4 4 106 4  low: 4
411: 74 4 4 4 4 196  low: 4
412: 4 4 4 6 129 100  low: 4
413: 188 4 4 5 118 50  low: 4
414: 4 4 40 80 179 134  low: 4
415: 242 27516 4 4 4 185  low: 4
416: 4 4 328 26 191 55  low: 4
417: 4 4 197 185 4 193  low: 4
418: 4 4 4 4 102 114  low: 4
419: 257 48 26 35 154 68  low: 26
420: 64 4 4 118 4 4  low: 4
421: 4 4 55 196 4 68  low: 4
422: 4 127 450 295 4 4  low: 4
423: 10 4 4 64 237 82  low: 4
424: 4 6 30 195 67 137  low: 4
425: 49 133 5 4 4 8  low: 4
426: 80 4 4 4 87 269  low: 4
427: 4 4 4 4 141 211  low: 4
428: 4 4 4 157 42 89  low: 4
429: 16 16 4 7 123 125  low: 4
430: 30 21 4 4 5 415  low: 4
431: 4 4 4 4 50 78  low: 4
432: 4 5 23 225 4 4  low: 4
433: 4 148 46 126 207 206  low: 4
434: 4 4 4 261 126 26  low: 4
435: 4 65 4 4 5 274  low: 4
436: 66 50 82 58 4 5  low: 4
437: 4 173 4 4 134 212  low: 4
438: 4 4 26 233 6 257  low: 4
439: 4 4 91 4 4 88  low: 4
552: 5 18 235 126 46 69  low: 5
553: 4 4 4 318 4 4  low: 4
554: 4 4 173 30 29 273  low: 4
555: 285 4 4 13 46 119  low: 4
556: 128 4 5 67 58 548  low: 4
557: 29 90 4 4 4 64  low: 4
558: 4 4 297 4 4 4  low: 4
559: 4 4 69 4 37 56  low: 4
560: 44 85 4 4 264 292  low: 4
561: 4 107 207 7 132 30  low: 4
562: 4 4 4 56 38 155  low: 4
563: 4 130 105 64 4 101  low: 4
564: 4 4 4 4 52 180  low: 4
565: 148 4 55 74 99 4  low: 4
566: 66 4 4 70 94 44  low: 4
567: 135 39 217 103 4 149  low: 4
568: 4 4 4 305 377 4  low: 4
569: 44 5 65 372 34 537  low: 5
570: 114 83 202 87 156 267  low: 83
571: 5 72 36 120 101 4  low: 4
572: 4 68 4 4 4 70  low: 4
573: 4 4 4 656 4 4  low: 4
574: 4 4 91 46 193 4  low: 4
575: 4 4 362 188 581 200  low: 4
576: 21 55 186 76 16 405  low: 16
577: 4 4 4 4 54 56  low: 4
578: 109 4 4 4 17 180  low: 4
579: 4 4 227 4 46 227  low: 4
580: 4 5 87 110 170 236  low: 4
581: 4 4 45 211 102 251  low: 4
582: 4 4 290 4 48 236  low: 4
583: 586 55 83 40 144 395  low: 40
584: 95 4 208 110 91 80  low: 4
585: 265 164 4 4 4 41  low: 4
586: 4 4 4 4 205 4  low: 4
587: 4 4 4 63 48 354  low: 4
588: 19 4 4 4 232 4  low: 4
589: 6 4 4 288 153 435  low: 4
590: 4 58 163 101 4 35  low: 4
591: 24 4 53 193 138 66  low: 4
592: 4 4 158 7 38 150  low: 4
593: 18 260 90 100 47 309  low: 18
594: 4 4 149 75 50 135  low: 4
595: 39 32 337 141 4 4  low: 4
596: 63 82 4 4 4 78  low: 4
597: 75 152 210 4 4 4  low: 4
598: 4 4 121 58 345 198  low: 4
599: 4 4 287 179 19 116  low: 4
600: 4 4 4 82 222 4  low: 4
601: 65 4 4 217 137 278  low: 4
602: 4 4 4 165 4 5  low: 4
603: 4 6 491 32 369 271  low: 4
604: 142 335 4 4 4 5  low: 4
605: 528 16 4 4 171 4  low: 4
606: 4 4 4 292 30 54  low: 4
607: 4 4 69 26 36 719  low: 4
608: 4 4 7 205 226 4  low: 4
609: 4 4 4 5 9 122  low: 4