000: 2 66 2 15 35 2 2 3 62  low: 2
001: 2 40 2 2 39 2 36 2 46  low: 2
002: 2 47 2 88 2 41 2 2 38  low: 2
003: 2 23 25 2 2 40 24 12 41  low: 2
004: 2 18 2 30 33 2 59 30 17  low: 2
005: 68 27881 14 2 45 24 44 31 20  low: 2
006: 2 2 6 4 19 27 2 30 66  low: 2
007: 5 46 2 42 2 41 2 26 2  low: 2
008: 70 2 35 2 39 33 2 2 29  low: 2
009: 63 2 33 2 53 2 2 36 76  low: 2
010: 2 78 2 20 4 2 2 2 22  low: 2
011: 2 2 30 2 3 52 33 2 41  low: 2
012: 2 2 3 21 103 56 46 36 44  low: 2
013: 2 70 4 162 50 20 2 3 128  low: 2
014: 2 2 27 2 2 43 6 29 2  low: 2
015: 2 62 2 79 2 16 31 29 98  low: 2
016: 2 2 44 2 24 2 3 55 20  low: 2
017: 2 13 42 2 34 2 2 2 34  low: 2
018: 23 95 2 2 3 36 36 2 6  low: 2
019: 2 3 20 2 114 41 38 27 43  low: 2
020: 2 39 84 2 2 70 58 2 73  low: 2
021: 2 93 2 2 64 2 2 58 64  low: 2
022: 2 24 2 6 2 3 108 2 21  low: 2
023: 3 65 2 69 2 2 121 2 28  low: 2
024: 2 100 2 2 45 2 40 18 2  low: 2
025: 2 2 89 2 47 6 2 80 114  low: 2
026: 2 2 112 2 82 2 2 87 31  low: 2
027: 2 30 2 2 4 4 2 15 50  low: 2
028: 2 45 2 103 2 2 53 2 14  low: 2
029: 3 2 24 2 2 37 2 29 2  low: 2
030: 2 71 5 33 24 71 20 2 75  low: 2
031: 2 39 2 2 2 40 24 3 68  low: 2
032: 2 102 2 29 2 10 22 26 2  low: 2
033: 2 41 2 2 37 2 97 62 32  low: 2
034: 2 3 79 64 2 45 11 4 30  low: 2
035: 2 2 33 2 2 33 29 22 54  low: 2
036: 2 41 2 231 3 2 35 2 98  low: 2
037: 2 2 62 2 35 2 101 2 73  low: 2
038: 2 2 107 2 2 43 2 43 41  low: 2
039: 2 2 46 30 6 2 2 2 34  low: 2
040: 2 3 67 2 47 2 2 51 22  low: 2
041: 2 20 2 55 2 24 83 52 139  low: 2
042: 2 2 26 52 48 44 2 33 73  low: 2
043: 2 39 2 2 5 22 52 28 54  low: 2
044: 47 2 32 39 2 17 8 17 21  low: 2
045: 2 54 35 2 86 43 2 2 40  low: 2
046: 2 2 26 129 40 2 5 77 76  low: 2
047: 2 2 3 29 2 2 51 62 2  low: 2
048: 3 11 2 20 2 2 18 2 47  low: 2
049: 2 3 155 2 18 35 2 57 52  low: 2
050: 55 2 2 2 32 2 2 17 54  low: 2
051: 2 40 2 42 2 81 2 21 20  low: 2
052: 2 48 2 2 50 60 103 2 65  low: 2
053: 57 2 8 2 10 2 14 2 65  low: 2
054: 2 53 2 131 2 2 44 28 44  low: 2
055: 23 2 2 42 2 3 52 2 31  low: 2
056: 2 2 32 2 54 79 2 3 49  low: 2
057: 2 47 2 43 11 16 15 53 27  low: 2
058: 2 3 41 39 27 30 18 31 32  low: 2
059: 2 4 4 7 4 41 2 74 2  low: 2
060: 2 2 73 20 21 21 24 28 57  low: 2
061: 2 2 22 2 2 11 2 44 8  low: 2
062: 2 78 2 2 39 2 58 2 25  low: 2
063: 2 39 2 3 16 2 49 28 2  low: 2
064: 2 64 2 6 2 26 2 39 2  low: 2
065: 2 40 2 2 22 72 39 27 17  low: 2
066: 2 2 39 2 2 17 2 49 33  low: 2
067: 2 30 46 46 30 55 2 50 35  low: 2
068: 2 2 71 2 87 2 47 2 44  low: 2
069: 2 66 2 2 6 57 60 33 2  low: 2
070: 2 2 67 15 23 19 22 37 2  low: 2
071: 2 2 2 41 2 2 73 13 26  low: 2
072: 2 2 6 2 2 12 21 39 2  low: 2
073: 2 45 2 2 4 26 39 2 28  low: 2
074: 65 2 2 10 2 32 2 18 2  low: 2
075: 2 36 2 27 2 27 2 42 28  low: 2
076: 2 2 31 2 19 10 2 64 42  low: 2
077: 2 85 2 44 2 2 112 127 2  low: 2
078: 2 52 2 26 31 2 66 103 28  low: 2
079: 2 4 52 2 148 2 34 36 48  low: 2
080: 2 56 12 2 8 39 70 2 85  low: 2
081: 2 27 2 82 24 2 11 2 4  low: 2
082: 2 2 24 3 2 116 8 65 18  low: 2
083: 2 40 2 2 5 37 70 5 43  low: 2
084: 2 48 2 31 29 88 29 95 2  low: 2
085: 2 2 9 57 73 2 29 2 35  low: 2
086: 26 2 48 2 48 48 64 42 145  low: 2
087: 2 3 76 2 2 54 60 2 43  low: 2
088: 53 2 4 19 2 2 31 28 40  low: 2
089: 2 40 6 11 83 43 43 2 51  low: 2
090: 11 25 2 17 75 61 79 2 62  low: 2
091: 41 6 2 2 2 43 3 24 117  low: 2
092: 23 3 6 62 2 2 72 2 12  low: 2
093: 2 43 2 99 2 2 25 2 47  low: 2
094: 2 2 2 77 2 2 5 53 212  low: 2
095: 3 93 2 2 2 30 33 25 59  low: 2
096: 2 30 2 2 88 163 81 52 2  low: 2
097: 2 61 2 2 21 2 2 87 31  low: 2
098: 46 2 2 45 2 2 37 5 19  low: 2
099: 2 23 93 2 2 79 32 2 2  low: 2
100: 2 15 2 66 2 16 2 56 56  low: 2
101: 29 3 16 81 22 18 56 45 59  low: 3
102: 2 36 2 2 73 2 34 91 8  low: 2
103: 66 2 4 25 2 2 27 32 65  low: 2
104: 2 2 30 98 62 62 162 116 2  low: 2
105: 2 211 2 18 2 63 34 2 63  low: 2
106: 2 2 59 2 42 22 59 14 33  low: 2
107: 2 2 42 2 69 97 45 26 69  low: 2
108: 2 73 2 4 67 2 4 76 57  low: 2
109: 2 2 2 27 2 75 3 56 51  low: 2
110: 2 39 16 2 24 2 187 2 38  low: 2
111: 2 2 33 2 46 2 2 65 31  low: 2
112: 2 51 2 106 2 6 28 65 205  low: 2
113: 2 6 2 47 2 2 53 160 4  low: 2
114: 2 2 2 77 13 2 2 94 2  low: 2
115: 2 18 93 49 2 53 2 112 54  low: 2
116: 2 25 2 2 100 93 101 2 2  low: 2
117: 2 128 2 2 48 2 2 2 27  low: 2
118: 2 71 2 2 72 2 26 2 37  low: 2
119: 2 53 2 2 17 2 116 2 27  low: 2
120: 2 33 57 47 2 2 48 139 125  low: 2
121: 2 186 2 2 37 78 170 78 64  low: 2
122: 2 2 2 16 2 35 2 44 61  low: 2
123: 2 2 2 37 2 79 280 2 87  low: 2
124: 2 11 2 71 2 2 24 38 23  low: 2
125: 2 2 56 33 2 90 2 129 2  low: 2
126: 3 48 2 2 2 56 2 99 51  low: 2
127: 2 3 143 2 2 109 2 2 2  low: 2
128: 2 2 36 21 194 2 2 43 30  low: 2
129: 2 2 34 2 2 51 56 37 20  low: 2
130: 5 38 68 79 37 2 2 2 32  low: 2
131: 2 83 2 22 3 120 2 58 139  low: 2
132: 2 2 132 2 50 2 83 89 2  low: 2
133: 83 2 2 73 76 2 25 39 2  low: 2
134: 2 26 14 2 9 3 95 2 50  low: 2
135: 2 159 2 10 2 30 2 70 62  low: 2
136: 102 2 27 28 2 2 50 105 64  low: 2
137: 2 2 24 2 3 77 18 128 2  low: 2
138: 25 2 5 2 44 44 37 2 6  low: 2
139: 2 2 2 64 2 2 88 102 12  low: 2
140: 2 24 2 2 77 3 49 2 2  low: 2
141: 2 35 2 3 75 2 2 79 3  low: 2
142: 2 2 51 2 2 109 2 95 44  low: 2
143: 2 2 98 2 90 2 76 2 36  low: 2
144: 79 316 2 3 120 131 27434 2 2  low: 2
145: 2 3 67 2 2 3 55 2 2  low: 2
146: 2 12 2 2 64 71 139 22 41  low: 2
147: 2 97 89 2 85 2 2 39 3  low: 2
148: 2 247 2 29 2 84 2 34 53  low: 2
149: 2 53 2 5 2 2 2 164 115  low: 2
150: 2 26 2 100 81 2 34 41 2  low: 2
151: 2 34 2 2 92 53 2 75 62  low: 2
152: 2 2 2 24 134 3 32 61 95  low: 2
152: 2 7 2 27 32  low: 2
153: 2 11 2 57 2  low: 2
154: 95 2 5 58 26  low: 2
155: 2 7 2 12 53  low: 2
156: 42 2 49 13 15  low: 2
157: 2 7 54 42 45  low: 2
158: 6 94 2 42 29  low: 2
159: 2 30 2 26 18  low: 2
160: 50 22 34 2 91  low: 2
161: 2 30 2 31 36  low: 2
162: 2 75 56 2 83  low: 2
163: 36 2 55 2 116  low: 2
164: 2 16 63 54 30  low: 2
165: 2 34 73 33 27  low: 2
166: 2 21 2 18 2  low: 2
167: 2 58 67 17 2  low: 2
168: 2 14 2 30 56  low: 2
169: 2 2 86 2 75  low: 2
170: 2 2 7 43 9  low: 2
171: 42 2 2 65 2  low: 2
172: 2 2 28 29 57  low: 2
173: 2 2 22 2 67  low: 2
174: 2 2 22 5 36  low: 2
175: 3 27 34 2 27  low: 2
176: 2 74 6 41 48  low: 2
177: 2 73 72 2 83  low: 2
178: 2 65 56 2 43  low: 2
179: 2 39 2 28 32  low: 2
180: 2 24 18 20 20  low: 2
181: 2 71 2 23 60  low: 2
182: 2 2 78 25 2  low: 2
183: 2 53 2 25 2  low: 2
184: 2 64 2 58 14  low: 2
185: 2 42 25 26 41  low: 2
186: 2 51 32 14 60  low: 2
187: 71 19 2 60 2  low: 2
188: 22 6 65 27 2  low: 2
189: 2 35 39 2 40  low: 2
190: 26 2 19 27 11  low: 2
191: 2 2 34 18 57  low: 2
192: 58 19 2 19 45  low: 2
193: 36 2 50 35 32  low: 2
194: 39 43 68 2 20  low: 2
195: 2 46 87 20 47  low: 2
196: 2 89 78 2 34  low: 2
197: 2 2 26 35 31  low: 2
198: 27 2 55 45 24  low: 2
199: 2 50 36 53 51  low: 2
200: 2 30 13 32 17  low: 2
201: 66 2 2 2 50  low: 2
202: 2 22 50 92 49  low: 2
203: 2 26 2 24 80  low: 2
204: 2 30 32 27 35  low: 2
205: 2 28 2 30 27  low: 2
206: 2 18 43 20 28  low: 2
207: 2 14 18 23 16  low: 2
208: 2 28 31 2 52  low: 2
209: 15 2 38 2 2  low: 2
210: 15 27 25 20 75  low: 15
211: 2 26 56 2 29  low: 2
212: 30 4 36 36 20  low: 4
213: 34 2 37 56 74  low: 2
214: 2 11 2 49 68  low: 2
215: 28 34 2 31 46  low: 2
216: 2 34 43 3 3  low: 2
217: 44 3 24 58 35  low: 3
218: 3 40 16 20 51  low: 3
219: 2 60 48 52 54  low: 2
220: 2 52 37 2 28  low: 2
221: 6 2 33 23 35  low: 2
222: 24 2 2 51 48  low: 2
223: 2 29 2 17 35  low: 2
224: 18 6 38 2 94  low: 2
225: 2 3 31 2 77  low: 2
226: 2 15 2 5 53  low: 2
227: 2 51 3 25 50  low: 2
228: 2 43 29 34 90  low: 2
229: 2 2 58 18 10  low: 2
230: 2 18 41 29 56  low: 2
231: 2 2 8 2 2  low: 2
232: 2 24 24 2 18  low: 2
233: 2 18 2 3 3  low: 2
234: 2 2 32 2 52  low: 2
235: 2 30 34 66 2  low: 2
236: 2 28 32 46 45  low: 2
237: 2 46 51 2 32  low: 2
238: 2 20 2 33 43  low: 2
239: 2 2 17 71 35  low: 2
240: 2 35 2 27 31  low: 2
241: 3 40 12 2 69  low: 2
242: 2 55 2 48 2  low: 2
243: 56 12 2 2 6  low: 2
244: 93 22 2 66 47  low: 2
245: 2 2 56 29 34  low: 2
246: 2 2 26 2 66  low: 2
247: 2 29 26 87 76  low: 2
248: 2 2 6 2 160  low: 2
249: 18 2 35 32 28  low: 2
250: 2 18 2 42 41  low: 2
251: 2 50 34 2 91  low: 2
252: 2 40 2 21 28  low: 2
253: 56 2 42 2 59  low: 2
254: 2 6 2 2 14  low: 2
255: 3 61 2 86 2  low: 2
256: 2 120 2 22 46  low: 2
257: 2 18 19 2 19  low: 2
258: 79 63 4 39 30  low: 4
259: 31 4 46 16 2  low: 2
260: 2 43 14 23 125  low: 2
261: 2 14 2 19 30  low: 2
262: 3 61 2 2 79  low: 2
263: 2 42 2 49 2  low: 2
264: 26 32 61 29 2  low: 2
265: 2 29 2 18 27  low: 2
266: 2 29 2 37 35  low: 2
267: 2 37 2 35 32  low: 2
268: 27 31 7 36 212  low: 7
269: 60 2 103 177 78  low: 2
270: 41 2 95 8 74  low: 2
271: 19 2 67 2 31  low: 2
272: 2 28 58 28 61  low: 2
273: 2 33 2 2 93  low: 2
274: 2 49 2 31 23  low: 2
275: 2 147 2 81 43  low: 2
276: 2 32 39 2 23  low: 2
277: 2 27 84 85 132  low: 2
278: 2 42 2 16 2  low: 2
279: 2 29 2 72 64  low: 2
280: 2 2 38 48 29  low: 2
281: 2 78 58 6 62  low: 2
282: 2 34 25 47 2  low: 2
283: 2 36 2 42 2  low: 2
284: 2 48 51 2 2  low: 2
285: 14 2 4 23 43  low: 2
286: 2 51 20 76 52  low: 2
287: 2 2 35 2 60  low: 2
288: 2 61 59 40 67  low: 2
289: 2 35 36 2 2  low: 2
290: 2 47 2 51 2  low: 2
291: 2 26 39 33 63  low: 2
292: 2 32 2 42 80  low: 2
293: 28085 2 43 37 54  low: 2
294: 2 2 3 29 56  low: 2
295: 2 32 16 78 40  low: 2
296: 2 40 2 39 90  low: 2
297: 2 2 65 117 2  low: 2
298: 2 74 2 2 29  low: 2
299: 11 2 60 99 57  low: 2
300: 61 63 2 48 2  low: 2
301: 2 79 2 2 49  low: 2
302: 2 46 16 2 65  low: 2
303: 2 75 2 2 15  low: 2
304: 2 26 22 2 2  low: 2
305: 2 2 31 28 16  low: 2
306: 2 16 2 2 81  low: 2
307: 2 81 62 2 31  low: 2
308: 2 45 14 2 37  low: 2
309: 2 2 51 60 2  low: 2
310: 2 30 3 24 113  low: 2
311: 48 2 2 36 2  low: 2
312: 2 2 78 60 33  low: 2
313: 2 2 38 80 55  low: 2
314: 2 56 20 46 2  low: 2
315: 2 102 59 2 26  low: 2
316: 2 33 29 38 102  low: 2
317: 2 92 2 52 2  low: 2
318: 2 145 2 32 64  low: 2
319: 2 45 107 46 57  low: 2
320: 2 79 35 2 69  low: 2
321: 2 57 66 2 67  low: 2
322: 2 2 79 3 91  low: 2
323: 2 2 72 38 58  low: 2
324: 2 105 19 16 35  low: 2
325: 2 105 2 2 109  low: 2
326: 2 44 66 62 10  low: 2
327: 2 33 10 2 62  low: 2
328: 17 2 43 75 2  low: 2
329: 2 2 48 2 62  low: 2
330: 2 18 48 65 40  low: 2
331: 2 15 72 106 14  low: 2
332: 2 33 2 31 2  low: 2
333: 2 6 63 80 82  low: 2
334: 2 83 33 117 73  low: 2
335: 32 24 40 50 75  low: 24
336: 2 28 105 35 54  low: 2
337: 2 127 2 47 34  low: 2
338: 2 60 2 167 2  low: 2
339: 2 71 16 2 34  low: 2
340: 2 2 80 2 55  low: 2
341: 20 111 25 58 77  low: 20
342: 80 63 14 2 57  low: 2
343: 2 57 56 57 58  low: 2
344: 2 114 2 215 84  low: 2
345: 2 50 2 20 84  low: 2
346: 2 11 2 25 52  low: 2
347: 3 78 49 71 17  low: 3
348: 2 2 39 12 2  low: 2
349: 2 5 93 2 93  low: 2
350: 2 108 24 94 66  low: 2
351: 2 21 42 2 10  low: 2
352: 28 2 69 30 63  low: 2
353: 43 2 2 11 36  low: 2
354: 2 2 40 2 4  low: 2
355: 33 2 44 2 129  low: 2
356: 2 3 25 26 45  low: 2
357: 2 20 2 90 50  low: 2
358: 2 20 75 44 2  low: 2
359: 2 4 85 2 20  low: 2
360: 99 25 54 120 22  low: 22
361: 2 2 44 3 28  low: 2
362: 2 2 28 4 32  low: 2
363: 2 58 147 131 20  low: 2
364: 2 38 2 59 2  low: 2
365: 2 51 57 85 40  low: 2
366: 2 61 2 30 135  low: 2
367: 88 42 2 2 52  low: 2
368: 3 62 31 6 4  low: 3
369: 2 64 44 5 71  low: 2
370: 2 2 20 40 34  low: 2
371: 2 2 41 12 52  low: 2
372: 2 72 94 3 2  low: 2
373: 2 2 4 72 7  low: 2
374: 2 73 2 31 2  low: 2
375: 28100 2 2 55 2  low: 2
376: 2 52 2 16 2  low: 2
377: 2 2 46 36 2  low: 2
378: 2 64 2 26 108  low: 2
379: 2 26 2 21 76  low: 2
380: 5 25 61 87 27  low: 5
381: 38 3 33 2 65  low: 2
382: 33 3 38 28 38  low: 3
383: 4 48 2 34 70  low: 2
384: 2 54 11 82 92  low: 2
385: 2 20 18 96 55  low: 2
386: 42 2 6 24 53  low: 2
387: 2 64 26 18 27  low: 2
388: 2 28 20 40 56  low: 2
389: 2 54 40 2 3  low: 2
390: 5 37 2 43 42  low: 2
391: 40 2 67 47 42  low: 2
392: 2 54 16 2 2  low: 2
393: 2 46 43 46 41  low: 2
394: 17 2 45 51 68  low: 2
395: 32 56 2 50 34  low: 2
396: 2 67 2 30 36  low: 2
397: 2 2 57 7 16  low: 2
398: 2 58 2 2 13  low: 2
399: 39 2 2 36 2  low: 2
400: 2 54 2 26 2  low: 2
401: 3 16 35 2 21  low: 2
402: 2 2 77 2 38  low: 2
403: 2 12 2 56 42  low: 2
404: 2 58 2 18 100  low: 2
405: 2 72 2 44 2  low: 2
406: 2 28 2 16 44  low: 2
407: 2 84 2 45 15  low: 2
408: 2 55 2 51 2  low: 2
409: 56 50 87 2 42  low: 2
410: 2 36 22 20 95  low: 2
411: 2 110 106 82 2  low: 2
412: 3 33 40 58 11  low: 3
413: 116 2 68 103 2  low: 2
414: 2 47 2 64 28  low: 2
415: 2 2 71 2 29  low: 2
416: 4 30 2 11 50  low: 2
417: 3 28 2 60 37  low: 2
418: 2 18 59 2 52  low: 2
419: 2 81 4 12 46  low: 2
420: 30 30 81 38 86  low: 30
421: 20 2 2 18 56  low: 2
422: 32 2 42 2 2  low: 2
423: 2 4 66 14 38  low: 2
424: 20 93 54 70 2  low: 2
425: 2 14 47 2 28  low: 2
426: 2 2 20 2 33  low: 2
427: 2 22 11 62 39  low: 2
428: 2 24 84 2 2  low: 2
429: 2 66 98 2 54  low: 2
430: 3 64 19 2 34  low: 2
431: 2 127 2 44 2  low: 2
432: 2 14 2 22 22  low: 2
433: 18 94 18 64 35  low: 18
434: 24 58 2 41 22  low: 2
435: 2 80 6 38 71  low: 2
436: 62 28 2 2 50  low: 2
437: 2 42 47 30 20  low: 2
438: 2 16 6 40 2  low: 2
439: 3 24 33 18 27  low: 3
440: 2 97 12 69 2  low: 2
441: 4 27 56 38 2  low: 2
442: 2 10 2 73 39  low: 2
443: 2 2 4 17 40  low: 2
444: 3 14 29 32 37  low: 3
445: 71 2 2 49 20  low: 2
446: 2 20 25 33 28  low: 2
447: 2 2 29 56 49  low: 2
448: 2 22 2 21 43  low: 2
449: 2 67 50 48 86  low: 2
450: 2 2 24 46 2  low: 2
451: 2 54 2 2 65  low: 2
452: 2 3 25 12 2  low: 2
453: 2 38 2 2 47  low: 2
454: 2 51 12 28 55  low: 2
455: 18 2 3 41 36  low: 2
456: 2 32 16 12 2  low: 2
457: 23 19 39 15 38  low: 15
458: 2 22 27 31 35  low: 2
459: 2 3 15 65 44  low: 2
460: 2 29 2 54 28  low: 2
461: 16 2 53 74 61  low: 2
462: 39 25 12 36 29  low: 12
463: 2 31 5 17 44  low: 2
464: 2 29 2 50 46  low: 2
465: 2 35 2 81 2  low: 2
466: 2 11 2 26 66  low: 2
467: 2 2 33 3 44  low: 2
468: 10 2 14 26 38  low: 2
469: 2 35 49 89 2  low: 2
470: 2 32 2 85 2  low: 2
471: 2 78 2 65 30  low: 2
472: 2 40 2 12 27  low: 2
473: 2 26 8 2 2  low: 2
474: 2 16 23 2 30  low: 2
475: 2 23 2 19 2  low: 2
476: 2 2 24 2 26  low: 2
477: 28043 2 95 12 56  low: 2
478: 52 2 2 30 45  low: 2
479: 16 12 2 2 33  low: 2
480: 26 30 2 29 39  low: 2
481: 2 19 2 2 64  low: 2
482: 19 40 2 38 2  low: 2
483: 2 47 50 2 36  low: 2
484: 19 54 41 27 2  low: 2
485: 2 20 10 2 49  low: 2
486: 22 2 28 12 44  low: 2
487: 12 2 26 34 46  low: 2
488: 46 61 2 2 34  low: 2
489: 22 2 16 2 40  low: 2
490: 2 2 77 2 52  low: 2
491: 31 2 32 16 26  low: 2
492: 2 28 29 2 38  low: 2
493: 2 31 2 37 2  low: 2
494: 3 11 2 30 22  low: 2
495: 46 2 50 24 28  low: 2
496: 2 8 2 40 2  low: 2
497: 3 55 2 6 32  low: 2
498: 2 2 34 2 42  low: 2
499: 2 30 2 26 33  low: 2
500: 10 2 16 2 68  low: 2
501: 5 79 26 2 46  low: 2
502: 2 48 2 124 2  low: 2
503: 2 28 2 2 32  low: 2
504: 2 40 2 2 58  low: 2
505: 22 2 42 28 24  low: 2
506: 2 30 2 34 66  low: 2
507: 29 2 58 54 3  low: 2
508: 52 22 2 7 15  low: 2
509: 3 17 43 34 54  low: 3
510: 2 35 36 2 44  low: 2
511: 2 20 24 18 78  low: 2
512: 2 20 2 2 57  low: 2
513: 2 2 8 40 32  low: 2
514: 18 38 2 96 36  low: 2
515: 2 2 3 37 2  low: 2
516: 40 2 47 29 60  low: 2
517: 2 22 40 2 42  low: 2
518: 2 17 3 67 34  low: 2
519: 14 2 50 54 2  low: 2
520: 2 45 4 52 74  low: 2
521: 6 69 12 50 2  low: 2
522: 18 59 35 36 2  low: 2
523: 3 35 2 35 38  low: 2
524: 2 20 21 32 76  low: 2
525: 48 2 24 94 58  low: 2
526: 2 28 2 32 44  low: 2
527: 2 12 24 20 50  low: 2
528: 48 33 2 43 28  low: 2
529: 2 5 33 2 43  low: 2
530: 2 28 32 35 28  low: 2
531: 3 14 3 49 67  low: 3
532: 2 43 2 18 2  low: 2
533: 29 2 32 2 46  low: 2
534: 2 33 2 2 57  low: 2
535: 2 24 34 2 3  low: 2
536: 2 2 6 2 18  low: 2
537: 22 16 6 2 38  low: 2
538: 46 26 59 42 40  low: 26
539: 2 20 2 38 72  low: 2
540: 2 3 28 28 19  low: 2
541: 2 2 25 3 16  low: 2
542: 3 5 53 17 40  low: 3
543: 33 2 65 41 2  low: 2
544: 2 29 2 51 68  low: 2
545: 2 37 21 47 2  low: 2
546: 14 2 2 14 21  low: 2
547: 2 67 8 2 4  low: 2
548: 2 40 2 21 17  low: 2
549: 2 50 2 31 41  low: 2
550: 2 23 21 2 38  low: 2
551: 3 32 2 24 32  low: 2
552: 2 21 6 3 60  low: 2
553: 31 2 32 2 34  low: 2
554: 2 23 25 12 53  low: 2
555: 2 16 9 20 2  low: 2
556: 4 46 28 36 23  low: 4
557: 2 56 20 29 30  low: 2
558: 2 43 39 11 34  low: 2
559: 57 2 13 16 2  low: 2
560: 2 57 2 10 43  low: 2
561: 24 32 2 18 15  low: 2
562: 2 21 2 31 48  low: 2
563: 61 18 51 61 25  low: 18
564: 17 16 2 13 2  low: 2
565: 2 91 44 39 12  low: 2
566: 2 2 27 2 41  low: 2
567: 2 71 31 39 35  low: 2
568: 20 47 2 2 27  low: 2
569: 2 21 2 43 28  low: 2
570: 2 24 23 18 50  low: 2
571: 2 27 23 12 28  low: 2
572: 22 26 2 21 19  low: 2
573: 24 30 2 19 35  low: 2
574: 2 59 59 25 29  low: 2
575: 2 3 24 20 60  low: 2
576: 30 31 25 40 28  low: 25
577: 2 31 2 55 15  low: 2
578: 2 2 32 2 42  low: 2
579: 2 19 28 2 36  low: 2
580: 14 3 12 2 50  low: 2
581: 2 33 2 25 28  low: 2
582: 2 40 37 41 41  low: 2
583: 2 14 2 37 28  low: 2
584: 2 2 18 31 64  low: 2
585: 30 57 50 16 14  low: 14
586: 2 3 14 16 2  low: 2
587: 2 61 2 38 4  low: 2
588: 2 24 11 34 42  low: 2
589: 2 26 2 40 34  low: 2
590: 2 6 2 2 41  low: 2
591: 2 24 7 53 25  low: 2
592: 2 62 9 31 9  low: 2
593: 49 40 2 105 44  low: 2
594: 2 2 30 22 40  low: 2
595: 2 28 12 23 28134  low: 2
596: 2 25 55 13 35  low: 2
597: 2 51 2 37 37  low: 2
598: 2 14 61 2 47  low: 2
599: 2 25 2 64 60  low: 2
600: 16 2 69 2 28  low: 2
601: 2 35 2 16 2  low: 2
602: 30 2 63 57 2  low: 2
602: 5 93 19 48 79 92  low: 5
603: 2 123 17 80 2 239  low: 2
604: 2 75 2 82 102 2  low: 2
605: 2 64 70 2 64 77  low: 2
606: 50 7 40 2 55 46  low: 2
607: 2 2 199 2 60 77  low: 2
608: 2 2 15 2 114 27  low: 2
609: 2 9 2 135 53 2  low: 2
610: 78 51 2 2 104 115  low: 2
611: 91 65 93 6 41 6  low: 6
612: 2 159 21 17 67 50  low: 2
613: 2 8 2 70 67 123  low: 2
614: 2 97 81 140 27724 2  low: 2
615: 116 5 18 148 145 206  low: 5
616: 2 82 2 27 2 21  low: 2
617: 35 2 39 10 19 17  low: 2
618: 2 144 2 25 2 42  low: 2
619: 32 2 99 2 47 18  low: 2
620: 2 62 3 37 71 38  low: 2
621: 2 34 14 14 23 51  low: 2
622: 2 7 39 2 179 110  low: 2
623: 2 27 2 16 47 53  low: 2
624: 2 63 35 2 21 12  low: 2
625: 17 40 2 3 88 68  low: 2
626: 4 2 2 2 27 54  low: 2
627: 91 69 2 41 4 125  low: 2
628: 30 7 54 44 23 21  low: 7
629: 4 105 7 24 83 112  low: 4
630: 2 5 2 2 72 114  low: 2
631: 2 45 2 86 146 2  low: 2
632: 2 24 34 58 98 117  low: 2
633: 2 167 117 70 2 167  low: 2
634: 2 2 7 25 2 588  low: 2
635: 145 34 68 2 158 48  low: 2
636: 2 36 38 2 157 30  low: 2
637: 44 2 2 34 34 23  low: 2
638: 16 2 18 49 2 243  low: 2
639: 2 65 2 36 45 57  low: 2
640: 2 56 27 34 98 74  low: 2
641: 2 2 26 2 46 2  low: 2
642: 49 2 72 94 3 49  low: 2
643: 2 56 26 23 43 2  low: 2
644: 2 19 17 3 65 2  low: 2
645: 68 2 2 20 14 160  low: 2
646: 45 2 59 18 2 17  low: 2
647: 133 4 2 2 158 45  low: 2
648: 2 59 24 11 67 112  low: 2
649: 22 22 3 2 50 81  low: 2
650: 2 2 70 55 2 48  low: 2
651: 2 26 2 41 42 36  low: 2
652: 2 40 27 149 45 90  low: 2
653: 2 2 27 42 43 23  low: 2
654: 2 67 2 103 3 49  low: 2
655: 2 3 136 2 16 22  low: 2
656: 2 6 25 5 99 40  low: 2
657: 2 72 20 2 135 66  low: 2
658: 2 2 53 22 55 70  low: 2
659: 2 44 2 74 2 29  low: 2
660: 2 31 2 37 2 86  low: 2
661: 2 26 2 128 50 61  low: 2
662: 2 4 67 4 77 3  low: 2
663: 3 64 55 72 109 90  low: 3
664: 2 71 48 2 2 8  low: 2
665: 2 5 45 108 14 2  low: 2
666: 2 33 3 84 31 40  low: 2
667: 2 47 2 10 2 51  low: 2
668: 32 2 2 32 2 64  low: 2
669: 16 2 15 49 112 27  low: 2
670: 2 48 5 100 2 2  low: 2
671: 2 6 2 2 114 43  low: 2
672: 34 18 2 2 43 17  low: 2
673: 2 14 2 22 2 48  low: 2
674: 31 2 40 45 96 75  low: 2
675: 2 2 2 5 12 30  low: 2
676: 2 35 2 2 52 2  low: 2
677: 2 2 14 2 61 23  low: 2
678: 2 68 2 36 40 38  low: 2
679: 2 2 21 2 91 107  low: 2
680: 7 21 16 81 2 27  low: 2
681: 2 14 42 26 2 52  low: 2
682: 2 25 38 2 2 54  low: 2
683: 30 2 21 59 2 47  low: 2
684: 2 45 2 59 49 26  low: 2
685: 11 2 54 2 46 2  low: 2
686: 35 31 2 23 2 53  low: 2
687: 2 73 3 12 63 57  low: 2
688: 87 31 23 2 3 25  low: 2
689: 2 82 27 2 50 21  low: 2
690: 3 2 22 19 55 3  low: 2
691: 2 37 3 7 2 34  low: 2
692: 49 2 12 2 2 47  low: 2
693: 2 2 22 2 20 29  low: 2
694: 2 3 47 28 16 2  low: 2
695: 2 56 13 2 2 56  low: 2
696: 2 35 2 2 44 75  low: 2
697: 54 2 4 37 2 45  low: 2
698: 2 2 24 24 80 51  low: 2
699: 54 13 2 2 48 17  low: 2
700: 2 48 2 67 47 71  low: 2
701: 2 12 2 2 51 50  low: 2
702: 2 2 41 2 25 40  low: 2
703: 2 37 2 44 49 50  low: 2
704: 5 76 31 27 2 60  low: 2
705: 2 2 16 9 39 46  low: 2
706: 2 32 2 11 15 74  low: 2
707: 30 4 48 60 42 51  low: 4
708: 69 42 2 2 14 3  low: 2
709: 44 2 3 39 2 21  low: 2
710: 2 40 88 2 3 31  low: 2
711: 2 6 2 2 33 2  low: 2
712: 2 17 2 30 42 39  low: 2
713: 2 27 2 15 2 32  low: 2
714: 19 15 2 2 22 28  low: 2
715: 2 26 40 2 2 40  low: 2
716: 21 2 28 35 3 25  low: 2
717: 53 2 2 42 2 17  low: 2
718: 2 57 18 2 66 9  low: 2
719: 2 24 19 70 2 28  low: 2
720: 2 38 2 25 44 94  low: 2
721: 2 40 2 25 9 35  low: 2
722: 2 32 21 2 22 33  low: 2
723: 2 26 35 2 9 14  low: 2
724: 2 10 2 43 73 54  low: 2
725: 31 39 2 40 20 2  low: 2
726: 2 69 26 57 11 2  low: 2
727: 2 9 2 35 2 73  low: 2
728: 2 43 2 31 15 41  low: 2
729: 18 2 16 2 2 2  low: 2
730: 2 17 2 34 32 2  low: 2
731: 2 63 2 25 15 33  low: 2
732: 2 19 2 46 2 49  low: 2
733: 55 2 2 11 2 53  low: 2
734: 2 26 17 2 34 19  low: 2
735: 12 2 2 15 2 22  low: 2
736: 2 2 33 2 23 23  low: 2
737: 38 2 18 3 41 58  low: 2
738: 2 12 2 2 69 17  low: 2
739: 2 97 2 32 2 50  low: 2
740: 29 2 41 117 41 25  low: 2
741: 2 24 92 75 22 35  low: 2
742: 2 24 8 2 2 19  low: 2
743: 2 2 51 3 52 49  low: 2
744: 2 4 67 3 13 9  low: 2
745: 2 2 23 18 2 2  low: 2
746: 2 38 2 53 25 22  low: 2
747: 2 40 2 17 2 84  low: 2
748: 2 26 2 33 2 112  low: 2
749: 2 39 27 77 2 74  low: 2
750: 13 16 2 2 34 82  low: 2
751: 2 2 20 2 2 117  low: 2
752: 2 108 46 25 2 109  low: 2
753: 68 52 2 2 24 27  low: 2
754: 130 2 73 30 2 63  low: 2
755: 2 4 43 70 2 60  low: 2
756: 2 29 64 71 2 49  low: 2
757: 62 3 76 79 21 107  low: 3
758: 8 2 40 7 3 35  low: 2
759: 33 67 2 2 49 22  low: 2
760: 2 68 112 38 11 27  low: 2
761: 2 85 2 2 41 3  low: 2
762: 79 49 2 44 2 36  low: 2
763: 2 2 102 63 39 8  low: 2
764: 2 3 100 54 6 2  low: 2
765: 59 107 5 53 3 204  low: 3
766: 2 48 78 139 179 2  low: 2
767: 2 2 122 32 120 71  low: 2
768: 70 2 30 2 41 82  low: 2
769: 5 244 2 132 2 50  low: 2
770: 2 4 21 225 126 85  low: 2
771: 2 96 3 78 106 111  low: 2
772: 17 4 119 45 4 118  low: 4
773: 2 109 27 2 69 14  low: 2
774: 2 28 2 29 31 2  low: 2
775: 2 2 2 58 34 2  low: 2
776: 2 37 2 45 32 128  low: 2
777: 2 2 25 34 40 97  low: 2
778: 2 64 2 44 79 45  low: 2
779: 5 44 2 59 84 81  low: 2
780: 2 30 2 19 2 24  low: 2
781: 16 60 2 63 2 45  low: 2
782: 125 3 49 5 42 136  low: 3
783: 2 58 35 5 4 39  low: 2
784: 11 2 41 6 111 97  low: 2