000: 5 5 5 111 235 60  low: 5
001: 68 6 5 5 41 23  low: 5
002: 8 127 61 5 5 5  low: 5
003: 5 5 86 5 5 5  low: 5
004: 5 179 111 244 57 5  low: 5
005: 5 5 519 20 135 107  low: 5
006: 84 21 29 5 5 5  low: 5
007: 5 5 5 41 143 5  low: 5
008: 5 19 5 5 5 5  low: 5
009: 22 5 5 5 5 80  low: 5
010: 5 5 5 92 6 5  low: 5
011: 25 55 5 5 5 149  low: 5
012: 5 195 5 5 119 76  low: 5
013: 5 5 5 5 5 121  low: 5
014: 5 5 5 5 67 5  low: 5
015: 39 139 42 5 5 104  low: 5
016: 5 5 5 25 82 95  low: 5
017: 5 48 45 458 99 5  low: 5
018: 5 67 43 27 63 133  low: 5
019: 44 107 253 67 127 77  low: 44
020: 5 5 77 5 5 5  low: 5
021: 5 5 5 158 69 44  low: 5
022: 5 5 5 6 315 5  low: 5
023: 5 5 5 5 75 5  low: 5
024: 203 5 5 5 39 5  low: 5
025: 31 54 5 5 41 5  low: 5
026: 9 5 5 97 6 5  low: 5
027: 5 19 5 5 5 5  low: 5
028: 6 5 5 53 73 53  low: 5
029: 5 5 5 67 5 5  low: 5
030: 195 5 5 5 59 109  low: 5
031: 31 39 72 116 70 24  low: 24
032: 177 5 5 84 125 270  low: 5
033: 228 5 5 5 5 84  low: 5
034: 6 86 77 5 5 5  low: 5
035: 5 5 5 47 32 38  low: 5
036: 85 5 5 165 149 77  low: 5
037: 5 74 72 41 45 5  low: 5
038: 5 5 5 6 108 32  low: 5
039: 5 5 5 5 57 5  low: 5
040: 67 56 5 94 5 150  low: 5
041: 5 5 31 174 5 5  low: 5
042: 5 5 5 5 113 347  low: 5
043: 6 5 5 47 11 40  low: 5
044: 30 157 5 5 79 5  low: 5
045: 191 5 25 111 73 25  low: 5
046: 5 5 72 5 5 51  low: 5
047: 5 5 89 49 195 22  low: 5
048: 5 5 5 6 54 39  low: 5
049: 89 27 47 25 116 33  low: 25
050: 105 5 5 5 155 31  low: 5
051: 5 5 5 6 51 6  low: 5
052: 133 5 5 5 67 117  low: 5
053: 5 5 5 119 71 82  low: 5
054: 5 5 5 6 44 65  low: 5
055: 177 5 5 5 6 114  low: 5
056: 5 5 5 5 85 101  low: 5
057: 13 5 5 5 113 77  low: 5
058: 5 5 77 41 32 81  low: 5
059: 5 5 5 75 63 5  low: 5
060: 34 57 5 57 186 91  low: 5
061: 39 169 40 50 42 158  low: 39
062: 259 5 5 5 33 87  low: 5
063: 29 49 75 103 5 5  low: 5
064: 99 33 65 155 5 5  low: 5
065: 5 106 98 172 5 5  low: 5
066: 31 206 113 5 5 121  low: 5
067: 5 5 245 99 5 5  low: 5
068: 5 5 5 5 5 45  low: 5
069: 35 5 5 5 5 194  low: 5
070: 5 5 5 109 5 5  low: 5
071: 131 5 5 45 67 5  low: 5
072: 53 5 5 5 244 32  low: 5
073: 33 39 34 64 91 5  low: 5
074: 6 66 123 33 71 107  low: 6
075: 62 5 5 5 6 70  low: 5
076: 5 25 81 5 5 5  low: 5
077: 5 5 5 155 183 235  low: 5
078: 5 5 5 129 5 5  low: 5
079: 5 111 14 127 6 183  low: 5
080: 5 5 5 5 152 29  low: 5
081: 33 189 78 5 94 83  low: 5
082: 5 5 5 344 180 37  low: 5
083: 48 52 30 80 5 5  low: 5
084: 5 5 5 98 45 5  low: 5
085: 35 5 5 29 213 5  low: 5
086: 5 5 6 16 83 34  low: 5
087: 42 5 5 5 6 26  low: 5
088: 5 5 5 5 292 71  low: 5
089: 388 5 46 110 77 5  low: 5
090: 197 177 77 5 5 224  low: 5
091: 6 5 5 6 184 5  low: 5
092: 5 5 5 5 59 66  low: 5
093: 5 87 52 5 5 5  low: 5
094: 289 120 51 5 5 5  low: 5
095: 36 5 5 5 8 54  low: 5
096: 5 5 91 10 11 91  low: 5
097: 5 5 5 101 167 5  low: 5
098: 5 5 5 119 5 5  low: 5
099: 5 5 5 147 6 127  low: 5
100: 5 5 5 66 75 5  low: 5
101: 5 10 10 161 241 5  low: 5
102: 5 5 5 199 15 448  low: 5
103: 5 5 137 17 236 125  low: 5
104: 5 5 5 6 88 120  low: 5
105: 43 5 5 194 229 28  low: 5
106: 5 5 5 5 106 5  low: 5
107: 5 5 5 7 15 76  low: 5
108: 5 5 5 5 164 15  low: 5
109: 73 22 5 5 5 193  low: 5
110: 5 5 5 5 61 164  low: 5
111: 5 5 77 91 28 223  low: 5
112: 5 5 8 40 161 5  low: 5
113: 6 5 5 6 101 5  low: 5
114: 5 5 5 7 115 5  low: 5
115: 5 5 11 108 51 95  low: 5
116: 5 5 5 5 5 5  low: 5
117: 5 5 5 6 76 5  low: 5
118: 31 5 86 5 5 231  low: 5
119: 83 55 25 54 150 330  low: 25
120: 5 62 125 63 81 181  low: 5
121: 5 5 114 45 57 35  low: 5
122: 215 55 86 15 43 122  low: 15
123: 11 5 5 5 54 44  low: 5
124: 12 5 147 20 10 54  low: 5
125: 6 26 44 5 5 5  low: 5
126: 5 5 5 211 5 5  low: 5
127: 39 93 53 89 14 63  low: 14
128: 5 5 5 184 109 100  low: 5
129: 5 5 136 95 5 94  low: 5
130: 5 5 5 46 40 82  low: 5
131: 5 5 5 6 18 51  low: 5
132: 5 5 5 79 5 37  low: 5
133: 5 5 5 57 83 53  low: 5
134: 6 5 79 91 121 117  low: 5
135: 201 193 5 5 67 305  low: 5
136: 5 5 5 222 25 50  low: 5
137: 98 5 5 5 5 143  low: 5
138: 5 182 21 49 5 5  low: 5
139: 5 35 5 5 5 6  low: 5
140: 5 5 5 5 53 123  low: 5
141: 5 5 6 5 77 43  low: 5
142: 123 45 77 5 5 79  low: 5
143: 173 5 5 5 162 50  low: 5
144: 5 5 72 30 48 112  low: 5
145: 67 5 5 5 119 5  low: 5
146: 5 5 5 163 159 470  low: 5
147: 152 119 35 5 57 5  low: 5
148: 6 80 356 5 5 169  low: 5
149: 5 125 5 5 5 5  low: 5
150: 5 5 5 5 163 5  low: 5
151: 387 5 5 183 343 61  low: 5
152: 5 5 5 65 105 51  low: 5
153: 127 5 211 5 5 5  low: 5
154: 43 145 265 5 5 5  low: 5
155: 12 123 179 307 28 115  low: 12
156: 185 117 163 5 5 5  low: 5
157: 5 5 5 5 375 23  low: 5
158: 99 5 156 235 93 26  low: 5
159: 5 5 96 29 420 152  low: 5
160: 87 5 5 5 136 331  low: 5
161: 113 17 200 5 5 5  low: 5
162: 5 5 5 5 147 5  low: 5
163: 5 5 33 5 5 5  low: 5
164: 5 5 5 135 5 5  low: 5
165: 5 5 5 5 25 29  low: 5
166: 44 6 5 179 107 89  low: 5
167: 5 135 69 15 93 151  low: 5
168: 71 5 5 5 59 255  low: 5
169: 5 115 5 5 5 5  low: 5
170: 5 5 101 35 271 87  low: 5
171: 69 25 109 5 5 186  low: 5
172: 5 5 5 8 122 97  low: 5
173: 139 31 5 5 5 6  low: 5
174: 5 5 5 5 117 5  low: 5
175: 178 171 77 82 5 47  low: 5
176: 67 5 6 5 65 63  low: 5
177: 5 5 5 5 61 218  low: 5
178: 5 5 182 92 108 36  low: 5
179: 6 5 5 5 186 157  low: 5
180: 99 5 5 5 141 68  low: 5
181: 152 5 5 5 214 226  low: 5
182: 5 5 137 104 91 282  low: 5
183: 11 5 168 174 101 144  low: 5
184: 5 5 5 51 211 201  low: 5
185: 33 33 300 72 36 125  low: 33
186: 5 5 5 101 5 303  low: 5
187: 222 5 33 218 30 97  low: 5
188: 5 5 5 5 228 5  low: 5
189: 5 5 5 57 343 253  low: 5
190: 47 5 5 134 28 199  low: 5
191: 5 5 5 349 97 103  low: 5
192: 13 6 137 156 5 5  low: 5
193: 9 5 5 5 119 5  low: 5
194: 89 43 144 177 26 68  low: 26
195: 17 152 5 5 5 324  low: 5
196: 5 5 6 86 143 5  low: 5
197: 5 5 5 5 63 147  low: 5
198: 72 13 49 163 5 5  low: 5
199: 5 5 5 5 277 5  low: 5
200: 52 5 5 73 65 90  low: 5
201: 5 5 66 101 48 5  low: 5
202: 68 6 5 5 163 106  low: 5
203: 5 5 139 153 85 329  low: 5
204: 5 5 196 71 276 40  low: 5
205: 5 5 96 260 5 5  low: 5
206: 5 5 15 389 124 37  low: 5
207: 5 195 192 50 36 528  low: 5
208: 5 5 90 40 62 9  low: 5
209: 5 5 5 338 6 62  low: 5
210: 614 92 381 5 214 145  low: 5
211: 5 70 128 218 436 5  low: 5
212: 5 5 5 184 116 40  low: 5
213: 169 375 5 5 5 158  low: 5
214: 134 5 5 57 33 245  low: 5
215: 410 35 5 5 546 6  low: 5
216: 20 72 5 5 5 5  low: 5
217: 20 16 47 235 247 172  low: 16
218: 262 119 377 6 5 5  low: 5
219: 5 5 5 6 57 320  low: 5
220: 5 5 5 5 27 111  low: 5
221: 39 27 63 79 394 203  low: 27
222: 5 5 5 5 71 28  low: 5
223: 49 35 5 5 5 8  low: 5
224: 5 61 97 99 165 10  low: 5
225: 25 151 111 31 5 5  low: 5
226: 6 166 349 5 57 27485  low: 5
227: 57 43 125 5 5 35  low: 5
228: 5 5 5 5 95 37  low: 5
229: 5 5 5 5 171 128  low: 5
230: 179 267 41 237 161 5  low: 5
231: 85 75 149 129 441 177  low: 75
232: 5 156 87 5 23 65  low: 5
233: 5 5 5 6 56 112  low: 5
234: 6 5 89 21 73 5  low: 5
235: 9 5 113 152 71 45  low: 5
236: 5 5 5 383 121 186  low: 5
237: 112 5 5 100 6 5  low: 5
238: 5 6 503 5 32 129  low: 5
239: 5 5 6 171 160 599  low: 5
240: 5 5 5 97 291 327  low: 5
241: 5 5 8 364 33 376  low: 5
242: 133 19 147 17 76 53  low: 17
243: 6 5 5 5 163 37  low: 5
244: 5 5 5 5 179 105  low: 5
245: 5 5 77 196 231 5  low: 5
246: 25 19 171 110 5 5  low: 5
247: 5 5 5 5 492 277  low: 5
248: 5 147 5 5 73 139  low: 5
249: 5 5 5 5 53 54  low: 5
250: 5 5 5 5 238 40  low: 5
251: 87 5 27897 25 84 5  low: 5
252: 5 5 5 6 163 41  low: 5
253: 65 5 5 5 5 203  low: 5
254: 13 5 5 5 192 82  low: 5
255: 43 44 5 5 69 39  low: 5
256: 26 35 59 82 21 85  low: 21
257: 5 5 83 105 42 5  low: 5
258: 5 5 5 5 76 85  low: 5
259: 5 51 39 88 198 6  low: 5
260: 166 21 83 5 41 165  low: 5
261: 133 37 5 5 5 68  low: 5
262: 81 119 55 6 64 147  low: 6
263: 5 5 9 107 5 5  low: 5
264: 5 5 5 90 36 32  low: 5
265: 5 5 5 108 29 5  low: 5
266: 17 5 5 51 50 15  low: 5
267: 60 36 74 139 37 5  low: 5
268: 70 58 5 5 5 6  low: 5
269: 5 31 179 5 67 221  low: 5
270: 144 5 5 5 90 5  low: 5
271: 5 5 5 68 116 6  low: 5
272: 5 5 5 107 33 21  low: 5
273: 5 5 5 107 5 5  low: 5
274: 5 5 5 5 29 5  low: 5
275: 5 5 5 5 141 59  low: 5
276: 5 5 5 5 99 5  low: 5
277: 19 170 38 5 5 9  low: 5
278: 5 5 5 5 20 76  low: 5
279: 95 5 59 57 5 5  low: 5
280: 5 5 9 31 5 34  low: 5
281: 5 5 5 84 51 125  low: 5
282: 5 5 5 114 5 5  low: 5
283: 5 5 74 70 43 10  low: 5
284: 59 70 88 93 68 131  low: 59
285: 5 62 6 5 5 5  low: 5
286: 5 5 5 5 73 5  low: 5
287: 5 5 5 6 70 46  low: 5
288: 5 5 5 62 38 115  low: 5
289: 19 55 62 15 96 127  low: 15
290: 5 57 6 35 5 5  low: 5
291: 5 5 5 10 52 52  low: 5
292: 5 5 5 140 5 5  low: 5
293: 6 5 5 5 35 77  low: 5
294: 40 5 10 5 5 35  low: 5
295: 5 5 5 88 106 158  low: 5
296: 5 5 5 55 75 13  low: 5 
297: 28 30 50 25 5 114  low: 5
298: 63 66 5 6 57 59  low: 5
299: 5 5 69 5 5 5  low: 5
300: 5 17 43 46 58 55  low: 5
301: 5 27 61 73 20 38  low: 5
302: 5 65 48 59 52 132  low: 5
303: 66 5 54 98 95 42  low: 5
304: 67 24 17 32 9 32  low: 9
305: 5 43 5 5 5 5  low: 5
306: 5 91 32 6 188 60  low: 5
307: 17 20 93 36 5 5  low: 5
308: 5 29 19 80 73 54  low: 5
309: 5 5 29 31 19 26  low: 5
310: 31 55 21 34 32 17  low: 17
311: 5 5 5 25 27 31  low: 5
312: 12 5 5 5 29 26  low: 5
313: 37 5 5 5 53 20  low: 5
314: 5 5 34 31 23 5  low: 5
315: 5 5 5 47 5 30  low: 5
316: 5 5 5 5 9 30  low: 5
317: 21 5 24 61 28 5  low: 5
318: 5 5 6 14 30 5  low: 5
319: 29 5 5 5 5 32  low: 5
320: 5 75 5 5 5 5  low: 5
321: 33 5 34 52 5 23  low: 5
322: 5 5 5 6 52 52  low: 5
323: 5 5 5 5 59 76  low: 5
324: 25 39 25 6 16 26  low: 6
325: 25 127 30 47 37 5  low: 5
326: 6 5 5 59 52 5  low: 5
327: 12 5 29 53 81 40  low: 5
328: 5 27 59 74 69 31  low: 5
329: 5 5 5 6 82 41  low: 5
330: 43 35 41 33 60 76  low: 33
331: 5 92 5 52 73 47  low: 5
332: 5 5 5 5 46 33  low: 5
333: 5 5 5 26 17 86  low: 5
334: 5 5 5 6 101 32  low: 5
335: 5 5 5 41 37 23  low: 5
336: 31 5 31 5 5 5  low: 5
337: 15 43 5 5 5 87  low: 5
338: 81 5 5 43 5 5  low: 5
339: 5 5 57 37 29 15  low: 5
340: 5 5 5 6 48 87  low: 5
341: 5 78 67 18 32 5  low: 5
342: 23 41 5 25 47 101  low: 5
343: 5 5 33 5 53 5  low: 5
344: 5 5 33 27 19 43  low: 5
345: 19 39 5 5 5 5  low: 5
346: 65 19 43 5 15 25  low: 5
347: 5 5 5 5 45 5  low: 5
348: 5 27 100 5 5 25  low: 5
349: 46 9 38 55 5 5  low: 5
350: 19 5 55 41 5 5  low: 5
351: 5 5 5 5 53 75  low: 5
352: 25 37 5 5 23 83  low: 5
353: 6 20 5 5 5 25  low: 5
354: 6 5 6 56 50 28  low: 5
355: 43 29 21 31 23 69  low: 21
356: 5 49 75 145 37 33  low: 5
357: 5 65 5 5 71 5  low: 5
358: 5 5 5 5 51 5  low: 5
359: 15 28 28 5 5 33  low: 5
360: 5 5 5 5 37 29  low: 5
361: 35 5 6 70 57 13  low: 5
362: 13 5 5 5 6 56  low: 5
363: 5 5 33 37 35 5  low: 5
364: 37 39 5 37 19 65  low: 5
365: 5 27 79 5 5 5  low: 5
366: 5 5 5 43 5 5  low: 5
367: 19 27 17 5 5 43  low: 5
368: 19 39 5 5 11 37  low: 5
369: 5 5 5 5 36 6  low: 5
370: 35 25 25 58 5 5  low: 5
371: 27 30 22 5 20 49  low: 5
372: 25 41 47 37 85 5  low: 5
373: 5 5 5 31 105 29  low: 5
374: 6 16 51 5 6 68  low: 5
375: 35 25 73 105 5 25  low: 5
376: 33 24 27 23 5 27  low: 5
377: 5 5 5 5 21 31  low: 5
378: 13 5 5 5 5 49  low: 5
379: 53 5 33 5 57 63  low: 5
380: 38 5 5 5 19 74  low: 5
381: 30 31 5 5 5 178  low: 5
382: 79 5 77 19 34 152  low: 5
383: 128 5 10 99 108 96  low: 5
384: 5 5 5 53 13 89  low: 5
385: 5 5 5 63 87 43  low: 5
386: 5 5 55 61 131 77  low: 5
387: 166 5 5 5 5 21  low: 5
388: 6 5 65 51 51 103  low: 5
389: 55 79 141 5 5 5  low: 5
390: 17 5 67 28 43 23  low: 5
391: 5 5 5 5 68 97  low: 5
392: 5 5 5 5 136 95  low: 5
393: 34 7 32 5 5 66  low: 5
394: 5 5 5 5 84 151  low: 5
395: 67 5 5 17 67 74  low: 5
396: 149 5 102 5 5 25  low: 5
397: 88 5 5 5 5 66  low: 5
398: 17 5 5 5 46 5  low: 5
399: 79 5 5 5 5 73  low: 5
400: 160 72 6 5 5 5  low: 5
401: 58 34 34 150 109 41  low: 34
402: 5 5 5 23 34 37  low: 5
403: 5 5 5 5 98 26  low: 5
404: 5 5 53 5 5 5  low: 5
405: 5 5 45 35 174 46  low: 5
406: 214 122 108 29 118 5  low: 5
407: 48 5 5 5 5 77  low: 5
408: 50 218 33 59 109 27  low: 27
409: 19 106 24 149 102 72  low: 19
410: 5 5 5 5 112 5  low: 5
411: 5 5 51 37 20 27  low: 5
412: 5 5 5 11 297 45  low: 5
413: 62 5 42 226 166 33  low: 5
414: 95 105 5 110 5 5  low: 5
415: 5 5 5 139 150 105  low: 5
416: 75 5 5 29 5 43  low: 5
417: 5 5 5 5 6 41  low: 5
418: 100 5 5 28 102 69  low: 5
419: 5 101 152 118 544 211  low: 5
420: 5 5 95 32 178 55  low: 5
421: 66 120 5 5 5 76  low: 5
422: 5 210 5 5 59 143  low: 5
423: 5 5 5 5 33 5  low: 5
424: 192 27755 6 43 144 7  low: 6
425: 6 38 100 5 5 6  low: 5
426: 5 39 31 147 53 56  low: 5
427: 5 5 46 90 130 108  low: 5
428: 5 5 5 207 94 67  low: 5
429: 56 5 5 5 5 73  low: 5
430: 43 5 5 102 53 93  low: 5
431: 5 5 5 14 125 393  low: 5
432: 5 5 5 10 79 90  low: 5
433: 5 5 136 70 5 5  low: 5
434: 5 23 64 5 5 5  low: 5
435: 29 51 5 51 5 5  low: 5
436: 5 5 5 5 55 5  low: 5
437: 166 5 5 5 5 96  low: 5
438: 31 33 81 39 114 5  low: 5
439: 5 5 5 5 55 41  low: 5
440: 5 5 5 59 24 33  low: 5
441: 5 5 123 150 5 144  low: 5
442: 5 106 189 102 147 33  low: 5
443: 5 46 120 95 36 5  low: 5
444: 44 126 5 5 163 227  low: 5
445: 5 5 5 70 5 5  low: 5
446: 5 105 93 82 133 93  low: 5
447: 73 42 25 105 23 32  low: 23
448: 6 5 5 5 53 115  low: 5
449: 5 5 5 45 80 45  low: 5
450: 5 5 8 37 34 39  low: 5
451: 5 5 5 44 38 76  low: 5
452: 5 169 84 5 145 147  low: 5
453: 33 72 5 76 6 5  low: 5
454: 23 76 5 113 160 5  low: 5
455: 5 65 5 5 5 50  low: 5
456: 155 82 5 129 37 44  low: 5
457: 5 5 5 36 164 5  low: 5
458: 69 5 71 61 29 93  low: 5
459: 5 134 66 6 5 5  low: 5
460: 116 5 5 5 61 5  low: 5
461: 71 54 5 62 74 10  low: 5
462: 5 5 5 43 244 55  low: 5
463: 39 5 5 134 53 49  low: 5
464: 5 15 81 5 5 5  low: 5
465: 5 5 5 7 55 5  low: 5
466: 61 65 208 5 5 158  low: 5
467: 49 36 49 5 5 113  low: 5
468: 5 5 5 65 5 5  low: 5
469: 83 5 39 55 95 89  low: 5
470: 5 5 53 199 137 104  low: 5
471: 322 5 92 83 5 5  low: 5
472: 5 5 6 48 75 31  low: 5
473: 5 70 130 134 63 5  low: 5
474: 5 5 127 174 118 5  low: 5
475: 35 37 17 5 81 69  low: 5
476: 28 68 5 5 71 5  low: 5
477: 211 5 41 33 216 50  low: 5
478: 5 5 5 5 229 31  low: 5
479: 105 5 110 192 5 31  low: 5
480: 185 141 17 63 5 210  low: 5
481: 5 5 5 5 99 5  low: 5
482: 35 5 5 5 40 5  low: 5
483: 21 5 45 249 135 93  low: 5
484: 5 5 91 170 77 37  low: 5
485: 107 5 5 140 5 5  low: 5
486: 96 5 5 5 137 6  low: 5
487: 5 5 5 61 65 242  low: 5
488: 203 199 233 208 47 5  low: 5
489: 11 5 120 41 110 82  low: 5
490: 5 9 221 159 61 38  low: 5
491: 39 12 5 49 47 73  low: 5
492: 5 5 5 100 5 120  low: 5
493: 5 25 23 56 128 39  low: 5
494: 5 6 5 305 5 6  low: 5
495: 5 5 65 78 89 5  low: 5
496: 5 5 5 5 95 5  low: 5
497: 5 5 98 89 138 65  low: 5
498: 5 5 5 5 6 40  low: 5
499: 5 5 5 6 88 100  low: 5
500: 5 5 5 33 104 206  low: 5
501: 6 114 93 73 127 5  low: 5
502: 5 5 5 101 117 94  low: 5
503: 5 5 5 6 72 25  low: 5
504: 5 5 5 72 296 60  low: 5
505: 5 5 5 5 73 100  low: 5
506: 9 5 55 5 5 5  low: 5
507: 107 31 144 23 51 135  low: 23
508: 60 97 5 5 5 123  low: 5
509: 6 133 5 265 127 226  low: 5
510: 5 5 47 27 49 103  low: 5
511: 5 5 93 103 75 173  low: 5
512: 5 5 5 5 29 92  low: 5
513: 19 169 5 218 5 5  low: 5
514: 90 44 152 5 65 116  low: 5
515: 43 48 41 154 45 89  low: 41
516: 5 5 5 8 134 123  low: 5
517: 5 61 91 65 57 114  low: 5
518: 6 140 5 5 5 6  low: 5
519: 151 97 6 5 87 77  low: 5
520: 6 6 10 56 180 122  low: 6
521: 5 5 5 46 5 5  low: 5
522: 5 5 122 124 6 5  low: 5
523: 5 48 196 5 5 5  low: 5
524: 5 149 213 5 5 5  low: 5
525: 142 6 5 5 66 6  low: 5
526: 5 5 40 91 205 69  low: 5
527: 5 28 78 280 5 5  low: 5
528: 252 65 170 6 5 5  low: 5
529: 5 105 122 5 5 5  low: 5
530: 119 5 5 5 5 375  low: 5
531: 69 6 113 5 5 5  low: 5
532: 173 5 5 5 131 5  low: 5
533: 5 5 5 182 5 136  low: 5
534: 5 7 73 5 47 140  low: 5
535: 73 27 85 47 5 5  low: 5
536: 5 40 44 68 30 155  low: 5
537: 88 44 180 87 25 94  low: 25
538: 18 6 5 5 6 37  low: 5
539: 84 142 47 74 5 5  low: 5
540: 5 5 5 5 43 81  low: 5
541: 6 48 6 5 5 100  low: 5
542: 5 5 5 5 239 57  low: 5
543: 40 5 5 67 60 5  low: 5
544: 101 5 21 102 5 5  low: 5
545: 31 54 63 84 50 74  low: 31
546: 75 164 5 51 47 5  low: 5
547: 5 5 63 39 86 54  low: 5
548: 5 5 60 142 45 23  low: 5
549: 71 72 154 71 5 148  low: 5
550: 91 25 218 69 180 5  low: 5
551: 79 25 46 5 105 5  low: 5
552: 25 55 5 5 41 114  low: 5
553: 5 5 5 172 75 237  low: 5
554: 5 123 5 27882 5 5  low: 5
555: 5 5 32 5 26 50  low: 5
556: 95 5 5 5 84 5  low: 5
557: 85 6 38 25 22 37  low: 6
558: 49 6 5 5 39 36  low: 5
559: 5 5 5 46 37 68  low: 5
560: 25 35 34 5 5 57  low: 5
561: 27 88 98 131 21 59  low: 21
562: 79 69 80 5 63 38  low: 5
563: 6 5 54 28 75 5  low: 5
564: 5 5 5 6 52 321  low: 5
565: 5 5 5 182 208 69  low: 5
566: 83 5 213 80 5 5  low: 5
567: 5 5 5 53 187 5  low: 5
568: 6 5 5 5 32 87  low: 5
569: 60 29 77 61 5 5  low: 5
570: 69 5 128 59 5 5  low: 5
571: 85 93 98 5 5 6  low: 5
572: 5 281 115 76 167 40  low: 5
573: 119 5 5 5 98 81  low: 5
574: 54 102 237 41 82 87  low: 41
575: 5 5 95 185 5 5  low: 5
576: 129 70 172 244 10 37  low: 10
577: 5 6 192 53 5 5  low: 5
578: 31 19 114 48 5 119  low: 5
579: 26 108 19 52 7 78  low: 7
580: 5 5 5 60 5 5  low: 5
581: 5 5 74 81 50 40  low: 5
582: 5 5 5 6 38 209  low: 5
583: 5 5 183 49 273 155  low: 5
584: 5 5 5 5 74 5  low: 5
585: 82 5 146 31 44 5  low: 5
586: 42 5 5 5 5 92  low: 5
587: 5 5 5 5 5 74  low: 5
588: 5 5 5 116 28 47  low: 5
589: 5 5 5 7 91 15  low: 5
590: 42 65 55 168 39 99  low: 39
591: 5 5 5 5 21 6  low: 5
592: 5 5 5 5 195 74  low: 5
593: 181 5 152 173 5 5  low: 5
594: 5 5 5 6 12 122  low: 5
595: 5 108 222 5 163 5  low: 5
596: 251 5 5 149 49 81  low: 5
597: 5 102 37 5 5 5  low: 5
598: 148 5 5 5 260 134  low: 5
599: 5 7 85 51 32 33  low: 5
600: 42 36 39 5 5 153  low: 5
601: 5 5 5 72 45 16  low: 5
602: 15 76 5 5 71 5  low: 5
603: 17 77 74 7 31 5  low: 5
604: 5 55 106 6 67 98  low: 5
605: 5 5 32 47 52 102  low: 5
606: 57 5 5 48 5 5  low: 5
607: 50 5 5 5 5 44  low: 5
608: 5 5 5 5 72 581  low: 5
609: 5 5 17 602 5 491  low: 5
610: 5 541 5 138 212 56  low: 5
611: 75 5 2313 100 73 150  low: 5
612: 108 44 5 5 5 5  low: 5
613: 101 35 129 42 33 31  low: 31
614: 70 61 41 5 5 5  low: 5
615: 5 149 10 10 10 212  low: 5
616: 5 5 6 24 10 5  low: 5
617: 5 5 5 28 58 97  low: 5
618: 5 5 229 36 5 5  low: 5
619: 110 5 5 5 32 129  low: 5
620: 20 5 5 5 85 50  low: 5
621: 152 31 138 5 5 7  low: 5
622: 29 107 5 5 5 6  low: 5
623: 58 73 84 77 59 5  low: 5
624: 29 40 63 169 5 76  low: 5
625: 82 77 87 5 7 96  low: 5
626: 5 5 5 60 153 21  low: 5
627: 80 30 69 159 40 5  low: 5
628: 59 5 199 5 5 5  low: 5
629: 5 5 77 71 63 197  low: 5
630: 64 51 77 5 5 39  low: 5
631: 78 5 5 66 46 111  low: 5
632: 5 5 5 5 63 245  low: 5
633: 5 5 5 59 57 5  low: 5
634: 5 5 130 51 108 86  low: 5
635: 5 120 5 5 94 54  low: 5
636: 5 128 153 25 67 5  low: 5
637: 71 48 49 5 5 151  low: 5
638: 5 45 47 117 58 56  low: 5
639: 5 5 5 5 81 44  low: 5
640: 100 5 5 131 40 74  low: 5
641: 19 83 150 5 132 5  low: 5
642: 5 5 5 6 153 5  low: 5
643: 5 5 5 157 99 48  low: 5
644: 5 5 5 53 5 5  low: 5
645: 26 5 6 128 37 75  low: 5
646: 130 5 5 5 5 6  low: 5
647: 5 5 5 112 5 116  low: 5
648: 162 5 5 5 5 206  low: 5
649: 106 6 67 26 9 27  low: 6
650: 41 5 101 10 64 6  low: 5
651: 35 49 87 5 5 21  low: 5
652: 14 6 5 5 206 49  low: 5
653: 77 15 89 57 5 5  low: 5
654: 5 81 25 5 81 14  low: 5
655: 5 5 5 19 37 5  low: 5
656: 5 5 5 5 63 159  low: 5
657: 5 5 5 5 85 30  low: 5
658: 68 230 5 5 19 19  low: 5
659: 5 5 133 5 5 29  low: 5
660: 5 5 60 81 42 145  low: 5
661: 18 362 44 71 58 11  low: 11
662: 27 284 21 64 48 33  low: 21
663: 5 5 5 5 17 64  low: 5
664: 5 5 5 5 125 227  low: 5
665: 5 5 5 5 20 5  low: 5
666: 5 5 27 87 14 102  low: 5
667: 134 23 56 37 159 5  low: 5
668: 20 69 5 5 175 21  low: 5
669: 60 5 5 27 5 77  low: 5
670: 19 15 5 29 48 146  low: 5
671: 5 5 5 44 98 36  low: 5
672: 5 5 5 5 17 161  low: 5
673: 243 77 5 5 5 71  low: 5
674: 33 147 53 5 5 39  low: 5
675: 50 267 59 38 5 5  low: 5
676: 48 25 271 5 5 5  low: 5
677: 5 5 299 31 170 5  low: 5
678: 5 5 5 44 78 154  low: 5
679: 24 64 9 54 70 11  low: 9
680: 5 35 25 66 5 56  low: 5
681: 109 32 50 5 5 116  low: 5
682: 163 5 5 5 19 451  low: 5
683: 6 5 5 110 57 8  low: 5
684: 25 5 85 5 5 243  low: 5
685: 5 147 5 5 290 84  low: 5
686: 180 5 39 169 38 27703  low: 5
687: 5 5 186 5 5 184  low: 5
688: 134 262 144 125 37 62  low: 37
689: 5 5 5 106 25 92  low: 5
690: 79 45 7 5 56 231  low: 5
691: 118 5 5 5 36 257  low: 5
692: 5 5 113 6 40 35  low: 5
693: 5 5 5 5 17 74  low: 5
694: 5 5 33 62 5 5  low: 5
695: 67 34 25 5 5 19  low: 5
696: 89 5 5 89 5 5  low: 5
697: 5 5 5 133 318 5  low: 5
698: 79 48 26 72 35 75  low: 26
699: 5 5 5 8 81 5  low: 5
700: 26 5 5 5 48 47  low: 5
701: 15 64 114 25 76 5  low: 5
702: 37 5 66 144 5 123  low: 5
703: 7 5 128 9 50 5  low: 5
704: 5 277 35 66 5 131  low: 5
705: 5 5 25 214 136 60  low: 5
706: 5 5 5 5 43 68  low: 5
707: 5 5 5 102 209 80  low: 5
708: 5 5 77 7 279 5  low: 5
709: 69 23 107 5 5 58  low: 5
710: 5 5 5 5 6 62  low: 5
711: 5 5 103 7 67 19  low: 5
712: 22 181 352 73 13 233  low: 13
713: 5 5 5 5 137 54  low: 5
714: 5 5 51 38 5 5  low: 5
715: 5 5 5 5 13 44  low: 5
716: 38 73 53 15 121 101  low: 15
717: 5 5 89 98 73 5  low: 5
718: 5 5 5 60 50 78  low: 5
719: 5 5 84 5 5 5  low: 5
720: 98 54 119 5 113 25  low: 5
721: 131 118 56 5 5 29  low: 5
722: 5 216 18 32 51 5  low: 5
723: 5 5 5 6 81 108  low: 5
724: 134 5 5 37 37 55  low: 5
725: 110 29 16 61 28 97  low: 16
726: 282 5 5 30 5 5  low: 5
727: 6 5 5 5 143 36  low: 5
728: 5 5 5 206 43 114  low: 5
729: 5 10 122 67 21 69  low: 5
730: 18 44 5 5 5 39  low: 5
731: 5 5 5 5 306 5  low: 5
732: 5 5 5 31 195 89  low: 5
733: 5 5 5 109 5 5  low: 5
734: 5 5 5 5 54 94  low: 5
735: 5 105 29 92 12 33  low: 5
736: 5 5 5 68 37 93  low: 5
737: 221 5 5 109 102 167  low: 5
738: 5 47 129 21 154 315  low: 5
739: 5 5 6 144 240 327  low: 5
740: 5 6 10 86 74 87  low: 5
741: 5 80 5 5 6 46  low: 5
742: 5 5 5 67 107 5  low: 5
743: 5 5 5 5 33 47  low: 5
744: 148 124 5 186 5 91  low: 5
745: 5 18 18 30 17 202  low: 5
746: 13 5 115 5 5 5  low: 5
747: 5 5 5 100 50 39  low: 5
748: 65 5 5 5 5 81  low: 5
749: 95 5 5 5 105 35  low: 5
750: 104 73 157 5 67 31  low: 5
751: 57 29 157 17 33 5  low: 5
752: 147 100 33 5 5 5  low: 5
753: 5 5 5 44 104 30  low: 5
754: 5 5 77 35 5 5  low: 5
755: 5 8 123 31 71 60  low: 5
756: 57 139 5 5 154 71  low: 5
757: 85 16 34 239 59 34  low: 16
758: 5 5 5 159 56 141  low: 5
759: 5 5 5 45 27 221  low: 5
760: 51 10 10 10 144 10  low: 10
761: 10 17 147 68 5 111  low: 5
762: 5 5 63 5 5 5  low: 5
763: 10 10 10 10 76 111  low: 10
764: 5 5 116 5 92 50  low: 5
765: 52 84 110 5 110 29  low: 5
766: 29 5 5 237 5 5  low: 5
767: 5 45 36 98 41 41  low: 5
768: 6 49 174 5 5 97  low: 5
769: 5 5 46 5 5 83  low: 5
770: 62 5 52 5 41 5  low: 5
771: 5 5 37 91 11 40  low: 5
772: 5 51 238 5 17 39  low: 5
773: 5 60 65 5 5 5  low: 5
774: 103 5 5 5 5 5  low: 5
775: 5 10 6 89 5 5  low: 5
776: 68 33 11 5 43 142  low: 5
777: 5 5 5 5 50 79  low: 5
778: 6 54 5 5 5 122  low: 5
779: 5 5 53 55 5 5  low: 5
780: 30 58 5 35 207 47  low: 5
781: 5 5 5 95 45 22  low: 5
782: 5 5 5 87 23 137  low: 5
783: 5 5 5 21 27 27  low: 5
784: 160 54 59 153 54 33  low: 33
785: 5 5 5 110 186 43  low: 5
786: 90 5 94 5 138 5  low: 5
787: 5 5 177 11 5 37  low: 5
788: 5 23 21 24 17 144  low: 5
789: 94 35 5 5 55 5  low: 5
790: 117 22 67 5 5 70  low: 5
791: 97 5 5 5 8 30  low: 5
792: 12 63 5 5 5 219  low: 5
793: 5 76 7 135 67 24  low: 5
794: 5 5 7 214 85 27  low: 5
795: 8 10 5 71 235 62  low: 5
796: 5 191 95 252 352 5  low: 5
797: 8 42 104 5 5 5  low: 5
798: 28 131 118 6 6 70  low: 6
799: 5 120 38 300 141 5  low: 5
800: 5 5 5 152 174 5  low: 5
801: 5 5 5 61 380 50  low: 5
802: 5 5 5 5 55 90  low: 5
803: 5 5 5 5 35 5  low: 5
804: 112 58 188 90 62 102  low: 58
805: 5 5 139 5 5 153  low: 5
806: 108 5 5 13 68 129  low: 5
807: 5 5 5 32 23 275  low: 5
808: 5 278 35 203 119 201  low: 5
809: 103 5 5 66 27 48  low: 5
810: 227 359 5 5 23 5  low: 5
811: 5 10 58 85 30 5  low: 5
812: 28 14 59 58 5 106  low: 5
813: 90 18 5 5 5 117  low: 5
814: 5 5 5 8 79 112  low: 5
815: 5 46 88 111 5 5  low: 5
816: 5 5 5 5 5 158  low: 5
817: 22 58 275 5 5 17  low: 5
818: 5 25 23 30 27 19  low: 5
819: 111 424 5 5 163 5  low: 5
820: 15 5 104 33 66 39  low: 5
821: 77 106 5 10 43 5  low: 5
822: 21 5 117 58 46 5  low: 5
823: 38 98 19 85 5 5  low: 5
824: 5 178 5 5 21 52  low: 5
825: 138 36 27965 51 33 5  low: 5
826: 5 5 184 11 105 5  low: 5
827: 5 5 80 5 5 5  low: 5
828: 5 5 269 5 5 284  low: 5
829: 5 5 5 5 111 55  low: 5
830: 29 92 5 5 17 49  low: 5
831: 5 5 246 5 5 47  low: 5
832: 5 5 5 5 51 75  low: 5
833: 5 176 149 133 81 5  low: 5
834: 135 92 62 122 87 79  low: 62
835: 92 116 5 127 5 29  low: 5
836: 5 5 5 46 5 5  low: 5
837: 31 270 5 5 129 10  low: 5
838: 5 6 342 98 5 81  low: 5
839: 166 99 196 16 64 102  low: 16
840: 5 5 5 93 65 6  low: 5
841: 10 10 10 82 174 23  low: 10
842: 10 5 5 86 5 249  low: 5
843: 137 146 212 36 170 64  low: 36
844: 5 5 77 20 124 17  low: 5
845: 5 150 8 146 20 5  low: 5
846: 200 5 5 5 75 67  low: 5
847: 5 5 81 38 164 119  low: 5
848: 71 5 5 278 5 69  low: 5
849: 97 96 5 5 223 5  low: 5
850: 6 82 5 111 5 5  low: 5
851: 140 91 26 110 122 58  low: 26
852: 6 5 5 5 90 93  low: 5
853: 339 475 10 10 5 211  low: 5
854: 56 33 166 5 5 345  low: 5
855: 172 111 21 5 5 5  low: 5
856: 5 5 5 61 20 5  low: 5
857: 25 144 219 38 94 116  low: 25
858: 5 5 86 357 5 7  low: 5
859: 5 6 16 270 383 175  low: 5
860: 5 5 119 48 21 87  low: 5
861: 6 26 23 128 5 5  low: 5
862: 5 5 5 108 38 134  low: 5
863: 17 5 5 65 28 103  low: 5
864: 5 206 5 5 5 120  low: 5
865: 5 5 5 5 61 103  low: 5
866: 5 5 37 133 6 209  low: 5
867: 5 5 5 77 286 48  low: 5
868: 39 5 5 150 71 149  low: 5
869: 125 5 161 5 5 63  low: 5
870: 5 5 5 70 224 5  low: 5
871: 88 15 5 113 5 5  low: 5
872: 5 5 5 5 22 304  low: 5
873: 5 39 132 188 73 50  low: 5
874: 28 125 28 71 88 53  low: 28
875: 5 5 5 101 5 5  low: 5
876: 5 33 47 22 36 5  low: 5
877: 5 5 5 5 14 5  low: 5
878: 5 114 69 10 153 139  low: 5
879: 5 5 45 29 35 77  low: 5
880: 5 5 5 37 76 243  low: 5
881: 30 27 17 5 5 154  low: 5
882: 77 5 5 5 5 63  low: 5
883: 5 5 5 5 55 5  low: 5
884: 5 5 99 115 25 57  low: 5
885: 5 5 41 23 153 49  low: 5
886: 5 5 5 45 23 5  low: 5
887: 5 6 122 39 31 25  low: 5
888: 61 37 5 5 61 87  low: 5
889: 5 5 5 5 21 75  low: 5
890: 5 5 5 5 84 108  low: 5
891: 55 37 63 30 92 65  low: 30
892: 5 5 5 163 5 5  low: 5
893: 5 96 24 45 5 5  low: 5
894: 5 5 5 15 83 47  low: 5
895: 5 5 5 5 85 33  low: 5
896: 5 5 5 5 31 83  low: 5
897: 5 59 51 5 5 5  low: 5
898: 5 26 6 5 5 75  low: 5
899: 6 93 62 61 47 31  low: 6
900: 5 5 5 67 5 5  low: 5
901: 5 5 5 5 83 5  low: 5
902: 5 84 5 5 190 5  low: 5
903: 5 5 5 5 83 33  low: 5
904: 5 64 6 5 5 71  low: 5
905: 111 41 5 6 32 5  low: 5
906: 65 5 131 44 44 69  low: 5
907: 5 5 5 6 16 23  low: 5
908: 60 51 48 124 89 27  low: 27
909: 5 5 107 73 131 83  low: 5
910: 5 42 5 5 5 160  low: 5
911: 5 37 81 87 73 75  low: 5
912: 5 5 79 91 23 25  low: 5
913: 5 103 23 29 297 45  low: 5
914: 120 15 5 5 81 321  low: 5
915: 5 5 5 7 63 5  low: 5
916: 6 5 5 97 149 79  low: 5
917: 5 5 5 5 65 5  low: 5
918: 5 5 5 75 29 34  low: 5
919: 5 5 5 81 154 190  low: 5
920: 117 5 65 33 115 17  low: 5
921: 6 117 5 5 5 5  low: 5
922: 137 131 103 47 67 127  low: 47
923: 5 5 45 5 5 5  low: 5
924: 42 50 30 240 168 25  low: 25
925: 5 5 5 5 216 114  low: 5
926: 55 5 5 8 57 84  low: 5
927: 5 5 168 5 210 10  low: 5
928: 5 5 179 133 80 42  low: 5
929: 57 5 5 5 83 5  low: 5
930: 5 6 5 84 76 141  low: 5
931: 5 5 5 53 97 270  low: 5
932: 37 53 99 215 5 5  low: 5
933: 26 19 81 5 89 65  low: 5
934: 5 5 7 47 156 23  low: 5
935: 143 227 5 5 27 167  low: 5
936: 54 5 5 6 86 5  low: 5
937: 5 5 61 5 5 5  low: 5
938: 118 47 23 38 198 250  low: 23
939: 7 125 36 60 352 129  low: 7
940: 5 5 5 335 60 137  low: 5
941: 5 5 5 5 97 6  low: 5
942: 5 5 71 71 33 79  low: 5
943: 5 5 6 93 5 5  low: 5
944: 5 177 166 181 70 125  low: 5
945: 22 30 10 37 311 17  low: 10
946: 60 63 177 178 10 96  low: 10
947: 66 31 246 5 187 15  low: 5
948: 63 5 5 5 229 600  low: 5
949: 6 222 41 5 93 18  low: 5
950: 13 5 101 59 21 132  low: 5
951: 5 5 5 5 141 5  low: 5
952: 5 5 5 240 124 87  low: 5
953: 8 54 17 29 67 79  low: 8
954: 5 5 122 49 5 5  low: 5
955: 5 5 5 5 65 173  low: 5
956: 29 321 20 6 276 10  low: 6
957: 5 159 5 5 252 254  low: 5
958: 5 5 5 5 172 96  low: 5
959: 5 88 5 5 5 5  low: 5
960: 140 5 5 5 6 93  low: 5
961: 5 5 5 194 5 298  low: 5
962: 5 42 249 6 137 99  low: 5
963: 5 5 260 17 33 95  low: 5
964: 262 269 322 5 5 92  low: 5
965: 5 5 5 33 184 185  low: 5
966: 297 5 5 65 5 5  low: 5
967: 98 5 5 5 77 143  low: 5
968: 5 5 5 5 64 283  low: 5
969: 123 17 5 183 27 125  low: 5
970: 43 119 5 5 5 5  low: 5
971: 84 264 222 5 503 28  low: 5
972: 5 5 5 281 90 57  low: 5
973: 5 5 5 92 74 131  low: 5
974: 5 5 5 5 163 45  low: 5
975: 5 5 5 5 197 100  low: 5
976: 5 5 25 116 297 105  low: 5
977: 5 5 5 39 113 81  low: 5
978: 5 22 35 111 131 5  low: 5
979: 27 132 195 109 5 121  low: 5
980: 5 5 5 47 64 103  low: 5
981: 5 91 5 5 5 53  low: 5
982: 270 5 78 129 81 159  low: 5
983: 112 5 68 23 39 5  low: 5
984: 5 5 5 93 52 51  low: 5
985: 159 13 76 20 37 156  low: 13
986: 93 5 34 5 5 5  low: 5
987: 5 5 162 5 5 156  low: 5
988: 5 5 5 7 95 5  low: 5
989: 5 47 5 5 5 41  low: 5
990: 5 347 5 5 11 47  low: 5
991: 5 315 5 5 79 122  low: 5
992: 31 61 5 5 5 71  low: 5
993: 5 5 5 5 274 116  low: 5
994: 5 105 5 34 60 20  low: 5
995: 44 5 5 128 33 41  low: 5
996: 29 5 324 5 5 51  low: 5
997: 5 5 47 46 12 62  low: 5
998: 207 207 309 5 35 29  low: 5
999: 5 46 90 55 7 185  low: 5